45787
547445
266104
23170
998697
393886
339460
221359
467401
281864
238522
161328
264281
956743
449532
955269
724116
365761
53704
583929
27414
269962
348425
529104
935550
34655
430090
568461
925167
229948
625605
717469
100593
249818
322778
873571
387126
665289
887899
575265
537974
490597
877252
227200
700027
771192
952392
330236
251257
904748
996998
166702
460757
638571
823514
583799
391238
521045
711568
354758
337881
170781
772596
247431
985870
744641
157509
83433
649632
724963
362696
265993
306722
856777
461112
548352
954181
298222
600602
557766
805238
492482
898287
57537
159460
924037
918147
604590
848223
110587
165283
425003
346908
679757
692716
497886
933461
934972
348989
859462
774477
476290
878734
564060
485617
276551
450394
58149
843866
428989
201464
52247
554288
397464
182472
426597
570728
860077
822664
653289
853229
88742
57030
451437
139933
503264
975536
932630
146602
793441
246023
869422
207969
755769
866226
130957
359111
303796
442735
735842
192287
628152
591908
264611
149769
293954
211796
484239
303685
274744
39277
841820
281236
973418
568957
490563
54079
463017
5317
564708
464881
23940
209062
448342
845375
399708
573496
124815
756872
218723
230714
262829
776504
629
496291
332063
149990
925522
526551
548147
246173
766968
154677
810428
157432
26905
590413
363487
387111
286718
691887
5370
400590
387960
252831
351026
610956
289662
963108
424664
964185
291240
663295
853432
241288
161543
82169
540029
104556
787807
906837
822020
559831
330882
229733
522427
26109
127817
150841
310646
104120
596466
417586
679822
419109
953745
413620
537974
499755
732916
743162
427675
730076
340632
216451
845431
681267
454977
217514
534387
433533
637690
317331
398711
753109
153385
907841
692175
66184
515918
883717
80955
763287
764056
327633
631443
656090
944676
870507
154773
888385
789011
177469
63117
180406
489990
204105
628639
313054
8633
876857
476724
967167
505337
738516
713279
985404
712323
944141
111339
753659
380603
550774
844387
467943
146054
418322
270781
780561
673988
758535
250564
594993
964013
547250
830240
377739
667911
181909
6180
593645
686337
118059
917172
116885
532655
397277
900369
514543
178723
387981
124739
205307
354980
662671
891810
37709
447374
386871
448
491054
562374
284877
337142
691872
367191
359005
601930
753471
370350
56747
155450
461507
680238
855172
544872
419426
896369
785840
150561
793618
537884
447876
840971
200108
853598
610900
805419
689580
915589
631941
784785
412373
496637
118719
752544
328882
555557
818370
452286
186742
620687
807312
956372
278661
197076
620168
172354
32396
459410
629139
807523
227531
465476
780791
786936
751091
283068
896137
318323
356329
532927
310143
791650
239850
565565
920612
250806
15178
618795
402980
151856
504661
255359
557575
337575
608022
235080
120763
179320
250101
88679
673225
594954
258747
85997
529322
68220
871282
547283
416883
226478
580264
653456
863339
815465
447762
587803
727293
428908
9868
821245
283080
784916
47550
342289
581460
153382
593627
454939
917920
641276
356355
152067
938455
2571
302088
871789
848608
424333
471822
589046
272788
957071
658764
637964
85579
190617
885487
820714
90447
928949
818141
386159
841138
518046
688214
924890
791228
366150
208823
526948
670524
819460
46617
649146
211967
383641
204950
424406
83039
567773
937835
95481
177331
542091
136249
934023
726244
747750
748518
657470
809311
928454
83745
532
6502
458050
948930
931565
673410
922939
656399
768438
114195
15491
670747
102881
37639
146153
621960
363837
949033
189026
705646
723505
450577
91734
711444
55637
149178
64196
822747
923372
129776
889554
168699
847746
270824
726581
56100
410783
479530
421177
956806
675621
738089
205549
110508
535947
945331
139183
202499
263606
498435
245392
681273
554481
974132
862307
942017
138889
11664
724583
554547
709448
504647
112654
129359
942540
904059
558697
59938
415298
191416
886899
949953
65860
515969
941175
895922
757133
759365
681950
307115
530197
375409
79257
111218
617998
824287
856679
364515
782713
901292
620867
41296
772581
754983
98030
994178
961093
851236
101780
408158
244653
28721
891038
256163
474089
302560
676755
440016
117882
531843
337131
634915
877422
17462
623986
196411
997658
383702
248150
895327
112823
90768
968205
135127
891159
308948
744613
208888
824386
476967
787433
166462
271409
731032
294637
781521
381670
964042
847287
126890
677030
522480
712394
699983
712405
633624
119120
321978
555052
516830
75235
679640
450905
316033
974712
663341
499827
874450
611432
514196
874775
376264
920092
45860
674724
578417
332117
633327
215761
624771
274710
387364
868390
483153
522542
316884
730973
479577
782374
481105
399254
452794
374339
254130
337777
25154
423288
696628
599884
738341
794219
56315
191385
395
354978
593142
724954
892224
774410
579936
344636
975
357220
791458
962061
890856
777996
869781
810204
106174
507304
634854
745580
404974
616041
543187
129108
683225
514881
352210
916086
303186
799265
282832
113178
479859
261933
900758
40998
503242
946495
986120
745404
981489
685269
899528
126704
387259
652120
754167
77668
806794
615882
495003
101634
643326
481163
234268
912406
129800
434503
808297
525318
995868
417983
202232
835438
582533
527667
283626
882332
602002
406569
161996
85925
811822
858781
293754
187426
781134
507590
373278
23115
521731
22272
759190
908014
303407
587610
52212
512907
475988
662334
657247
568143
250248
180473
297942
181227
581509
407399
377237
282961
72797
348796
769232
93579
492554
182001
917340
82743
806435
503497
470637
427107
523179
516926
991098
957249
33668
811725
798205
369799
955969
196891
600854
497638
927065
842498
936847
93412
545526
684093
980666
867224
791597
216748
706231
854594
232009
141315
397842
49860
345152
74069
984585
77377
910087
429177
763626
685649
346753
854742
320411
984990
350866
13841
549748
894750
291539
418767
850566
589101
218974
462633
190079
540230
211464
138540
919781
302109
629614
793417
325376
280093
824040
791904
624469
818489
530779
926499
250892
923249
456235
756586
863731
45987
14221
11731
352347
304587
911866
216916
143904
565465
742719
151455
662663
729326
591729
441840
277440
667506
978943
805622
31306
564244
305056
168220
197749
676639
748139
175922
181315
902198
850053
556669
154984
997420
789940
905943
91441
188290
148114
450500
343361
133374
866398
46419
883637
467492
481965
539630
850025
218580
268734
471934
190996
310015
651562
837629
946191
30343
370938
207513
206835
592435
538707
65538
481695
25035
80908
576849
977625
314070
562016
787284
5516
606190
197759
36730
400175
223997
751615
863128
189447
764758
754543
995733
57858
306
741068
679928
214724
339909
205709
509196
84160
171900
883545
783534
55356
488342
293721
268083
777654
878300
884455
672760
914533
696254
394405
494855
574744
27916
5227
230882
147451
129037
842840
551984
423353
572608
917257
908161
678459
210221
709352
938112
435661
980646
1692
315828
270178
314783
597598
984306
872366
484007
871148
392739
643313
752066
712726
706734
985236
593637
961589
265026
591596
386958
382203
681473
273691
755645
37606
413836
771541
757586
131471
396007
544320
93124
587551
418121
729973
424315
830496
928387
849508
300364
395889
845770
481748
268559
179092
518691
566535
549917
734818
661930
727547
359723
365086
111742
205197
778046
80422
176524
804985
728138
888261
624951
506300
217771
507174
251297
301338
566463
268451
301593
660732
759454
203068
381665
532401
987126
183652
40986
111445
23752
112052
26382
671439
586937
102083
648410
405556
66966
445581
512374
253641
854887
393423
963299
835813
953134
776501
554160
804149
991549
705643
724968
927961
721457
963152
55515
689644
523470
434761
51719
931298
360504
151346
174627
341130
553484
675950
238473
975474
867801
880095
288894
666729
580799
120625
672927
296799
273186
214353
90537
310121
377802
234172
311140
264865
824282
601906
980525
367979
944938
15881
490079
810514
166148
874269
870109
499408
748856
417189
940479
365292
690332
901153
429591
845630
856996
155695
161311
768654
147161
61053
47168
529627
912761
367257
520833
133239
301612
383525
776202
597455
614046
352166
100884
317065
969405
246011
60784
17990
562385
692074
132080
602951
872178
72918
515702
998059
535915
333197
323927
985942
774122
304510
124203
322926
467040
345800
186164
394367
305531
620333
402792
286526
465149
665061
652124
243371
369529
184783
130895
940623
559978
195906
657169
538789
321520
166338
645070
872085
127016
575310
846907
599579
304870
324758
223644
816007
314834
435530
155119
362589
442844
783566
221881
917404
357981
336586
434602
854044
58700
473181
974447
250640
15001
9649
79573
45228
475241
107305
740949
735712
729199
651576
982848
661057
440228
893131
183240
124489
70690
178598
233640
423029
201506
822477
894193
474253
955536
794328
654706
460288
977224
600746
795716
823149
369712
227195
105263
233278
952690
971344
314172
721839
907540
722700
835929
42605
320437
457185
657378
682137
885606
282911
683474
216939
492642
622893
536261
58611
940460
371541
207401
670331
343364
24824
149697
179785
401797
346019
849493
911361
712286
635834
642554
796774
583211
337937
283705
633217
807279
231194
559775
144730
859376
465912
148449
554723
311599
870322
165225
64693
206723
589827
858689
450161
783249
977102
62427
493513
386858
646702
919610
773527
165377
995116
789185
414251
31239
53002
662934
536034
220837
605116
653171
996657
999701
354358
489353
602241
318366
568864
435217
394741
324394
449639
775600
474759
851781
492205
136517
650704
900596
917600
891859
764582
727536
898536
70662
243935
211582
181434
222884
139700
756396
359114
700817
151105
175530
920285
530878
991017
53378
833852
694576
103447
561461
143364
498345
642463
555508
112795
573045
824898
231416
168381
440338
658256
679934
102324
495036
265320
371554
584742
859029
478491
3159
712904
732270
736623
2689
423921
364341
718080
236207
405705
720187
245952
113336
259872
161887
494302
495409
849435
244060
493381
752840
106953
990765
877691
180736
977107
486169
256234
465225
628690
516126
564540
561339
115259
903678
426335
658351
925493
948000
355240
503418
437515
387109
154899
954823
542461
741449
214697
299088
686129
197809
481786
488121
219719
993687
398154
906697
647498
192270
261192
229701
112962
518836
172345
277419
482790
439668
953524
176840
238574
844917
80710
876470
585607
531683
855669
801654
360288
129176
151586
156518
955106
567398
386120
798174
549820
238851
957473
426541
469083
499090
454375
660139
916025
408202
333751
159547
15373
235141
653522
223328
550432
127591
85566
21624
177600
619113
427018
825304
478477
522177
787118
939526
159152
108400
153616
483725
562348
658215
963171
753601
970188
627287
884330
625295
162428
320148
383323
780288
657076
473253
708318
316170
451215
550954
737140
887059
879674
186282
532597
862915
25352
321593
776818
516036
761313
590850
459257
108889
191195
399031
60150
983064
516577
114322
227766
914501
490831
837126
812295
941261
486560
452359
352060
461724
564735
343091
633613
66587
826873
154459
799770
413193
111188
793970
537424
426037
422137
238417
175717
451542
587340
222053
362365
337415
957276
53494
326958
908833
426230
832724
58465
308791
752980
847392
393743
335912
588083
264308
931883
991525
252610
237360
500127
192832
258550
178274
674286
752300
40762
21969
802488
815383
983364
137127
24924
34849
124163
11832
318007
69239
820213
920243
588299
311441
488532
245604
602684
329220
129072
800291
50291
979972
744728
931677
560933
413498
418738
686012
153646
156606
439786
131126
890327
214065
161287
625519
316663
696698
730905
590668
26357
245083
944463
730709
529451
492207
602981
698502
411174
654786
207226
9139
677322
467085
190079
472149
231122
70284
897932
267124
379894
274238
821261
685747
875813
417017
200153
674483
163954
675943
543907
83301
855051
250593
103241
442032
13731
155302
587530
351931
610738
836279
101653
764119
540690
158163
156348
787340
725386
532490
287687
465215
690664
273985
219301
658109
525703
122049
728830
307366
580528
695803
18019
487928
587421
581852
350055
974071
70489
434889
282439
223158
202051
95352
542340
905029
645937
428138
831570
197944
522800
727624
788777
940431
567594
161945
887352
518663
242337
382110
7609
729724
19479
121995
302367
388729
133456
597922
854125
82014
263151
174765
221280
539757
754814
445911
503052
785265
693641
545767
786437
403211
61801
882458
121140
16282
715870
381661
133001
608838
913430
831780
416911
905578
905610
897898
96475
290331
125192
293445
789278
664729
327115
262693
457178
258194
117510
426345
17521
440077
449792
111517
555929
628153
606040
86228
245420
475859
146858
543582
538396
270126
753738
266023
905604
913186
246573
211500
843801
434899
4840
51738
356287
644381
648912
161221
63800
13401
375488
54914
15479
987023
811128
33
814803
320504
88354
796426
736023
931054
456561
65331
693622
151154
560290
600443
330076
665562
71525
792550
840991
360021
961940
923958
360340
969820
615905
23970
569278
411575
322447
37557
149282
647593
339991
352774
921462
328570
511147
166736
416695
408479
296470
359533
250266
238343
24898
536628
105754
926852
46676
392427
266288
4628
395954
339691
954657
995020
389028
8399
581233
139488
598488
649816
738485
33745
461439
624289
702854
177907
422998
964729
647634
828506
236479
899746
586060
679009
41997
772517
912899
562646
173087
475984
992849
686533
646115
605262
841130
883168
95100
526881
344724
449736
374270
322110
672309
604666
195286
162308
411528
796185
369927
501019
456874
446291
820175
481125
691601
229939
361192
336100
682139
766019
922986
997992
772164
562588
828493
539122
767922
65676
245965
276011
40363
560610
316198
964538
397350
290328
968639
357830
505471
885918
488291
991560
741443
185919
332330
195659
184491
14770
914998
366019
568870
935744
811161
522376
398607
280588
907604
509421
353278
177796
838843
367745
368186
170275
836084
995042
830476
834336
996062
910776
149167
261750
39629
767893
247395
674897
987700
216615
610976
488594
974940
695384
240104
595647
339472
360642
145973
859082
842523
706770
788050
49148
970921
460792
453446
696254
818059
492616
422379
368964
772950
18480
955676
221143
87147
855126
815820
367997
152144
232142
358644
31494
368381
817077
182884
286262
121716
954989
119739
177162
263
590261
864434
72745
749629
608291
718034
498408
629967
250113
179014
578682
554765
196098
966283
977715
663198
495967
760579
985911
115876
688083
725801
978243
170878
37807
292447
693847
669031
444122
397668
143103
676348
313961
301665
694333
717146
236567
746786
180053
30245
788577
800994
161269
596646
667009
420223
160702
431244
75204
995660
265267
833619
261706
765445
597053
812098
726234
31005
751704
322958
408352
282356
538398
333596
679492
528741
411054
407076
611239
315643
617849
391985
336572
166403
910121
699013
770689
761980
278957
35033
957529
974123
186981
151489
79240
253195
569895
820782
553610
702754
200876
110670
731984
80495
958875
948110
69080
698688
694191
709695
81576
931040
488071
822486
771046
513324
94154
128014
907863
824198
251060
876840
45938
565987
999618
197010
66208
364416
421878
852454
926611
44786
548295
453513
775808
59482
496617
589812
35514
61750
486644
656783
812204
400341
390835
116345
490483
162019
328076
841956
601238
378978
63495
968478
64163
74746
721084
543274
754151
24359
968542
839821
961737
803408
157278
961252
19715
94264
100733
626546
159998
733645
206257
465976
194954
593374
150579
87677
314999
609770
420131
478125
511762
315731
749657
309470
912511
545650
402633
117997
122032
451140
228562
556743
972031
528257
833571
79620
662574
262605
966346
130029
246776
757319
643995
233630
395219
522432
132729
703175
253317
779846
95748
841804
152224
703774
693151
854349
616924
114511
387548
468479
795919
888091
739911
788537
724299
31689
576460
209099
594132
810461
700549
389001
236604
527082
564196
207333
898590
293246
736634
208762
296691
290299
731362
992165
941908
448773
670156
523470
96716
844503
881193
189701
414169
979888
439536
752327
979712
549612
276364
873247
291466
967661
680098
271401
907934
55288
650626
706930
839164
309020
871977
893563
112403
713356
996848
346716
89408
801230
183382
737542
362021
439948
417637
610209
318177
952520
495555
221844
517489
404077
224663
96610
767331
617344
957141
948465
911410
52341
507432
239655
295427
796382
193211
978285
345979
371006
442725
997077
234747
105980
182254
897560
562617
62579
703042
321016
924988
789862
88497
388
311155
981777
242977
61114
214131
946523
873041
82310
879500
914663
169418
682025
818758
198857
801124
559157
110397
702934
545010
912500
886934
756564
845771
199145
982813
24784
871990
994990
811005
279503
628721
124
671515
312412
951710
422986
346959
303232
867403
538956
98367
944208
667228
204892
445850
245088
120663
741686
731182
588885
145804
903774
751655
939673
431455
614300
436773
905447
604212
754919
608376
669637
119093
120480
156667
734034
559938
777333
409546
551157
962486
819558
156769
90421
938322
650788
460114
982695
827657
346325
711202
243394
449640
540277
756290
551759
703327
207574
995429
771707
39791
61000
128834
933582
241266
830995
383336
805430
729154
397729
879288
794365
312007
82489
157188
243866
989089
236198
218755
552291
402734
607734
369581
228448
801080
696606
899641
520186
713406
881275
630193
241554
300062
277811
685742
390638
685340
4218
56182
821838
991057
156144
802478
370589
490738
949032
871294
248515
337340
836932
532608
247255
283193
740284
183971
227826
50802
634109
962530
165726
423857
677102
868125
70574
578034
368269
159953
836455
654054
969400
931129
577692
722851
168840
344960
345431
979307
416280
6689
883955
58774
369507
275165
411783
158431
849995
872344
233725
284681
261046
526737
518656
519148
88595
167676
226708
383584
45051
845630
513407
192132
299890
643844
52837
291052
524492
71105
307825
677221
422828
967042
500847
375461
821032
995311
206456
699796
549192
694496
396932
43249
280494
109529
192547
542499
544463
789540
809287
38045
663455
556234
623161
108396
337675
177901
541996
72928
418144
725637
535599
225557
136137
559989
240763
684765
473205
210185
499500
662923
793687
911311
158477
420510
131335
417230
146252
902217
739206
35239
168653
61915
662943
830599
646554
272080
484328
943367
256759
777267
269288
456352
593107
423278
892690
394638
778459
97584
193072
316224
370857
810041
95643
463736
273754
685829
333350
99909
199806
6099
200027
464475
190184
910096
560797
562700
238372
952869
614636
462373
625544
642778
213063
892519
684515
773349
212652
63329
328403
515155
950587
631271
62067
106642
573433
940337
921905
752472
559984
526993
595133
847476
766451
833042
844317
763759
43518
280554
962141
116894
871100
952541
713252
321351
157347
794990
537250
736942
212603
594753
559270
698811
853884
891346
120716
967049
442580
117388
322131
750989
82503
678471
605005
719329
208113
623969
966383
891756
832359
136248
501704
184688
548412
844417
920655
220720
729311
431176
41109
215548
412898
240388
674585
394651
411349
656470
990714
643539
696529
336606
984327
802071
39952
573370
637746
380046
304313
815580
655268
715836
359163
192263
261866
712399
358799
516902
189004
564680
107999
70793
319422
995908
943109
885117
81200
771303
442220
556678
182656
533540
941075
520827
205008
992362
564144
232063
292081
863598
29041
661015
581758
27153
183645
935277
511238
280239
754649
868576
418977
396355
942599
304582
72227
70010
756553
405631
707567
690579
599523
316279
635299
441071
607935
380151
975537
98810
115977
659496
391373
159606
746810
286438
203138
743073
671923
988157
783328
944451
697407
786883
42000
684566
640379
254866
998664
16017
144786
685727
779033
127699
410720
749116
879141
494633
132664
452262
102959
868796
873025
493068
164235
668634
997627
235293
600052
364319
449183
180236
950652
609087
385637
420515
805918
504051
93151
387073
844207
541694
261187
932210
341043
908059
774086
630185
587340
568389
413603
136988
579598
663266
132218
56956
208302
880205
743702
896656
637848
70527
80903
652269
426271
510361
11118
800596
65871
835152
420567
16872
10782
186869
42624
229450
723009
724384
194808
342035
863324
523320
71651
179501
263377
172002
378266
113806
633082
956868
754351
814226
135729
868981
593614
934133
685516
457283
55871
265066
420326
339232
86535
934618
471576
737449
525742
492668
233735
790548
993180
881165
850327
722742
252701
664109
839614
361071
818116
22870
84083
24627
485355
363065
40260
447157
642456
606263
817031
799345
839227
231864
819624
720855
548819
339884
19810
765775
110385
12700
346569
906605
448725
900844
692099
465907
1972
874927
93527
623229
162907
628199
815197
205901
514733
954135
508565
692915
100040
737607
877652
601433
351110
775316
470617
745577
765408
311537
920318
268059
733996
366782
17994
160478
687495
401347
233763
310434
311821
699849
849761
95104
777861
487893
838589
104135
505690
926722
995880
656868
710340
70842
342008
94829
335366
165776
246525
746378
234064
38845
25906
140736
476804
666102
77711
975451
636117
456614
204668
116600
323212
934093
869791
177324
46949
317045
312150
351061
242326
66764
350913
927675
229295
533155
839606
753697
12124
565314
507352
654894
470408
235301
67585
623091
77980
424087
301212
277977
686309
104682
363408
529512
389972
94353
834583
352246
334430
451610
298797
154666
708868
813066
719331
351404
630445
781718
470290
713067
599279
137596
196589
782922
404716
633597
573104
29736
300825
794167
390325
625738
909786
405346
419173
379367
623753
132519
736075
910289
317782
329752
181572
491579
659912
540368
651283
647467
731874
172840
858129
295933
571105
26387
512001
932497
668193
277783
828546
96530
437854
591785
250717
423332
49048
530787
333502
192553
170960
176356
517440
235504
244528
26820
287073
169339
848647
46642
918933
401324
404530
445677
430838
365515
650582
133787
852696
739894
575945
478345
115387
969190
403280
6016
177370
901978
927747
507072
202144
366114
904973
686108
507706
516105
880592
356849
909959
82144
164325
666308
54381
372003
783617
51640
306821
884747
957107
218024
693110
60783
705097
819175
957919
419799
579859
709905
304302
997535
800447
570382
360718
453061
497507
572643
39741
752591
833498
544052
898619
401884
911365
38618
630302
405317
28659
812829
891395
621039
469659
372750
478559
909424
784070
23684
933555
156955
318538
529585
962270
796330
507504
625055
292492
849415
774455
731533
509772
452471
312370
977184
674624
348195
612172
501960
613805
851204
472172
291568
211442
640043
743475
211425
702422
373611
176994
323764
336890
331108
578009
675634
366125
911980
602042
865418
341726
951835
516268
702189
38508
8115
452092
370378
813338
508266
788061
208737
306398
299350
447824
874502
344792
526452
262303
629429
619360
312597
679299
171532
210424
264358
282469
984169
112033
946394
249345
401312
778185
4406
510119
63065
90145
277561
303195
137669
574669
670245
460125
186299
899317
786222
990851
698611
169785
361086
44162
107741
689217
416291
457483
2975
163633
113814
270225
589354
487996
365417
196457
178232
150864
866956
112011
919204
725679
332091
804149
239397
413214
657352
399279
347368
458358
189568
185257
644618
562391
777853
144320
143407
42492
916616
652895
246273
754922
570088
509570
252809
790467
40396
899734
803043
411127
152400
446205
838433
715994
439471
903022
176895
602064
290054
292472
381118
942308
839617
350566
721375
593400
424164
601086
188861
290967
889080
293220
931079
949350
809488
938204
608089
708985
40886
788013
631607
939523
187511
245408
232742
387365
697608
210600
811878
221543
832596
109019
946575
36420
605155
940766
648454
173151
82984
344224
299805
261780
108391
769853
607877
851818
448641
406402
513008
847716
224093
683728
958215
792950
793653
779225
155589
294037
903866
221128
563054
163495
469477
284989
393840
150298
712668
315510
633492
951057
420349
742409
742881
43960
912521
139341
835598
385208
465392
956313
833377
896774
75445
294244
754344
273750
21757
292556
158867
106862
591162
678962
329324
794837
782638
173122
820341
681770
654815
609040
929501
407952
107094
982494
246494
670983
202579
572474
397558
178582
311440
106884
334591
162468
280496
991949
541933
915367
60100
244827
984036
878067
717946
931082
757492
309620
389411
892557
975026
961527
282911
955025
652340
170530
631464
407938
374952
952260
516535
947558
85649
629255
736534
827752
4640
8962
547971
951984
463147
593707
710782
510125
312908
489386
688496
425524
818329
936584
515768
829634
693819
947398
988755
5341
280045
453194
675238
16089
833171
842549
657003
271223
892724
946000
288054
394856
1302
626148
745891
873071
353845
153192
6302
698276
418015
894549
863567
228372
596335
900630
599520
571206
52196
50331
455980
223001
994077
205645
991429
783817
123635
189212
294754
243408
158771
464243
325924
509865
30774
94477
707075
310703
497183
642145
813081
149412
356273
225017
950411
170319
551370
396385
508688
5372
81728
291770
213343
723751
538903
904238
263737
955763
454044
919294
322512
388245
994464
975095
425491
562958
801428
325059
380439
593429
413630
546523
287651
984082
447766
559258
13976
528135
412223
708141
691707
305674
785509
174503
143073
767917
701487
663537
336758
4350
29921
22686
119081
688873
293661
746679
159420
974404
296712
651667
64067
461925
665689
25455
245074
428641
522555
105834
368417
509346
211070
491862
697169
586725
590565
176676
88333
563834
377178
75119
323468
728728
622274
949281
75570
840666
743082
692998
593366
156634
782752
542379
773215
796585
470175
291250
225607
405480
746594
226870
779073
739526
355289
909909
975159
141526
671545
723806
868524
440843
113518
560664
659329
511763
193004
470445
450515
118670
557731
118578
814209
874346
145809
431508
883211
619997
101489
360352
823830
836605
897937
424046
377548
584191
211073
367403
871200
68682
774055
510594
655087
205687
187760
369511
242306
184872
966049
178496
49520
35330
620363
857776
176736
621704
818589
851392
720621
987285
788500
941484
567330
478390
762509
475656
837604
145185
996922
663501
655407
141654
596915
347268
854904
104273
488868
187150
688626
609513
514597
58702
922157
898568
503975
188339
814744
889927
270921
306085
441063
709542
36682
775883
114896
744037
866265
488631
882159
750529
136073
768943
651465
717582
146080
207129
101165
120750
803087
601538
152118
615467
426619
241419
716142
519863
592890
747952
183821
755197
630041
886390
375263
456995
168538
154481
140867
27359
988347
469871
490895
643059
681393
846212
824401
210438
347636
202099
367729
766689
588467
168822
631346
233090
642921
731691
932951
775648
279623
286235
260386
447036
434321
201447
954743
378785
604165
258513
435104
569848
472053
260580
704746
624586
366838
655937
444588
899218
345009
484104
370535
937662
680599
591647
592201
437890
980273
725602
265676
27865
888149
902823
975291
959130
327668
41644
802389
824563
9361
901856
32714
161924
297484
993675
736354
364698
190812
607706
791805
165830
640476
977611
70197
160794
834876
784561
778591
534783
352536
935076
179185
47350
542117
153609
205565
156969
50888
743610
17116
844333
216577
580433
592102
936535
304836
495958
102557
730488
815400
746178
353769
2614
790072
521648
272318
393352
461608
986591
756826
989261
980641
81190
637930
280010
890301
577653
66124
993342
308303
450051
976239
110244
46105
857946
606551
931525
990049
533499
382973
133751
661021
414318
679187
211189
910091
359339
551013
343132
419677
728222
680795
480000
13138
879579
625115
132201
260640
157662
275979
89837
964045
391805
881012
67563
736605
640428
93058
875169
222182
648941
386152
931819
849663
786514
594464
92953
933207
102320
950032
176363
650210
525410
405320
980140
488429
96247
776808
82536
507987
619385
726303
557002
48200
195547
917966
122071
988434
270782
565642
158721
49496
292960
654401
943977
229075
78817
689396
896308
963617
395507
359906
361864
352440
650014
75013
961892
256631
193582
291061
845594
35736
828090
221099
566057
158018
762769
548961
605691
452795
512130
806036
966711
74427
514952
278059
439748
958108
210832
133810
919068
479917
154857
738111
804616
483237
339847
741173
597118
824884
112180
919271
329363
347637
278676
387028
191966
668992
429139
351632
98667
415453
318445
631428
274137
721043
78681
48460
759121
329630
79315
246846
204067
153342
570885
652426
730046
864236
52433
552317
597580
547816
930301
847008
128232
257133
879100
239485
622525
308294
989461
250177
111740
926267
10354
877821
321529
234915
391880
887623
888291
965277
734365
364477
889950
931994
554363
340265
792319
383697
27567
129344
698339
225110
306302
591685
358764
274053
278374
950539
475289
54424
806796
34903
190273
90584
270919
380451
505964
993713
89735
682047
