838643
332312
147586
50887
630377
135997
38741
242244
710372
614070
641624
35501
796889
956893
226356
823563
881242
40674
497022
562492
962012
896908
714446
718466
677412
160221
771582
453177
114766
622484
931137
383649
208250
131276
140765
486553
259667
152898
976326
67629
833021
33524
888857
45254
553947
719204
186801
735936
198906
682940
180010
642137
244381
308683
148656
40004
234085
55789
717762
950365
491037
288073
624969
657080
262496
339444
583951
139026
334695
447156
567326
13865
644531
605727
427702
360040
594387
885473
977513
247482
778899
485147
371287
374335
553729
294825
219650
873052
434397
680956
533453
886829
804572
885030
534166
842390
791449
431797
865004
232247
304089
537654
394927
838781
871225
556891
267971
460693
231030
982775
518256
405884
173593
456549
329242
456434
97789
541577
416151
337933
983038
154414
495538
962410
909184
42447
216956
474494
364249
944241
422665
374602
336988
402861
590414
860973
690243
223116
515349
790675
338296
765514
108506
620812
579200
117629
806406
973943
850629
960911
804677
764381
389182
840999
597894
313498
159165
973415
146382
984053
891220
186958
115514
124881
115813
669436
548175
483645
812037
177366
444159
887654
862669
950400
86587
808684
213629
53191
857455
399377
257996
569569
660767
17038
440464
630795
504668
360640
564678
376338
956066
279871
609215
876462
417361
88400
147816
519048
715846
306288
719348
161565
671958
62480
349352
784954
708519
528033
897282
255079
148330
188421
685191
310048
111672
730660
606248
606846
541704
623520
285200
7989
809291
807264
271629
108086
180900
219721
10200
989813
717767
435211
346626
990789
46957
138455
30717
609631
733681
167407
898757
643521
253579
322773
120361
529587
48678
615077
334010
974117
722655
434431
170126
702836
247708
948124
859761
541515
162375
688258
401450
355686
782502
185682
203365
778930
990105
639871
610818
638992
230191
156569
270905
639737
200100
286791
267495
401083
985467
604435
660538
213538
584308
70048
800950
253426
712427
831542
818977
214160
179917
401406
158929
318720
823799
146441
134096
71048
582701
302474
128041
122036
54387
713892
66258
917171
835595
252446
894837
2015
898700
592564
330717
431898
736476
396167
966138
965971
642826
67892
463376
567592
418442
123265
795266
632102
472782
21363
489591
911659
239485
804286
284902
950509
66386
617044
689988
556819
894356
920095
827719
335297
818413
45321
583957
682097
737450
381688
88526
76988
567886
377112
807155
748985
466323
250896
706673
666876
698174
898902
836622
205248
480094
883742
150319
966495
85153
509869
452355
864829
51282
247437
491152
426373
916978
650009
611736
315723
553202
60152
667175
616209
938763
656806
629884
27493
80379
153454
547218
827687
312349
298676
144329
561769
253283
743598
132790
332463
965170
716211
258692
339477
607833
350636
515077
42128
445999
325415
133721
273293
989321
876874
188089
908533
404821
330084
968481
969298
937367
783327
373144
559371
777981
64082
509149
467083
39392
260403
358768
567872
961690
138985
80633
587840
617150
646464
209497
773445
139064
367030
997836
988569
26818
163506
565752
358733
183744
845780
777684
727587
793658
137575
175160
555403
89843
130163
905405
905674
440170
28784
870992
33783
315693
84437
15832
842784
641108
748365
331201
419465
397025
854795
95141
714196
810546
252917
340951
940604
653088
229499
566283
705659
664120
671243
442405
557196
218836
104797
409052
759243
866965
629545
715659
312952
414846
269753
194324
723994
528304
152600
171313
637376
971838
745066
200537
977763
959724
852309
703755
936167
388745
401501
201849
204160
245670
44622
48980
453361
565746
208786
832624
272048
945203
863394
816852
292646
886755
657753
207969
723218
791269
129252
319965
410253
465634
225110
710042
393768
14725
991256
141959
862961
294031
159870
658515
925077
7191
207924
41337
420767
330082
545623
611309
677663
984539
659424
288865
339174
621039
56699
837492
678829
939207
337910
366264
264085
844707
170069
173086
122376
238672
809730
816576
684095
404613
636193
64075
656094
942368
950722
460807
816506
117560
246512
969413
957882
1758
851110
986724
626075
821813
514465
949759
7309
991723
328081
726326
851899
186963
509609
754072
298536
522593
921045
275370
755445
653249
678155
428503
582783
988884
690683
870771
209765
331848
846944
658093
246695
5586
241528
494609
390505
439947
477840
594552
727831
948068
19001
373901
287075
993351
115287
168828
977066
710796
451287
664504
957493
859413
155584
417065
846556
757703
341539
17073
648260
288613
702061
235098
333704
703434
19739
966942
55861
603011
229836
755217
309168
306567
293106
378927
778355
732756
48546
772350
15412
964391
333516
990816
597030
195095
29892
739447
377624
634382
256830
258484
417404
662885
535449
817663
459779
568155
884626
727485
282595
39474
543065
847872
440506
735783
954432
570705
563084
434508
427536
317650
668585
545027
762102
751379
493482
744665
543195
452660
744793
484796
867345
901490
681200
142363
444969
893775
983226
712280
716129
819234
139990
853420
840058
390840
559195
181400
284328
656166
109461
579780
556451
284141
925548
702198
836443
64648
416869
220784
621768
141588
927426
602086
427039
115804
164933
446746
787296
508481
436307
704022
175948
345026
984115
907974
275317
357230
622517
575791
511149
109923
682415
909776
771808
426177
139555
915347
783038
914161
95932
159920
850128
202635
104247
192607
354540
492585
588767
520311
741508
123014
66736
707112
535512
177169
842269
493841
971468
214100
414382
179519
877268
676028
629441
663620
518539
858436
916272
723183
628579
50434
545171
822957
143095
233934
233500
750267
715837
281483
110433
541447
431255
848979
122359
13347
466120
523203
954553
188324
726212
710176
448872
747549
103712
419492
481004
151283
77608
812393
197753
522269
738831
299761
190989
575419
537537
12304
362517
388111
335253
852150
715056
687196
660574
289949
653515
898969
925536
827979
403691
868626
677152
252036
376009
589020
935765
356816
901719
821619
137914
60452
316769
338354
259461
400368
538767
874669
780209
929604
565127
58286
498552
703776
966895
231115
208285
790806
123984
841057
555813
48222
352918
981039
699045
126966
598835
771857
602551
472756
841636
567318
372550
880362
985356
83329
167945
696436
835260
383897
257293
630304
575764
212909
833386
215419
675522
814376
801431
229108
925161
704908
759322
230703
437534
578894
111768
765225
810956
835406
357578
479619
570999
655794
22864
785389
384541
850334
31200
39344
657465
693074
498007
559383
731297
418719
749168
526139
54735
566535
146
443114
796924
644272
671555
430196
150056
387461
538939
267217
261751
66154
515027
413746
464181
282521
388764
663970
286394
629086
890636
285145
13161
937771
438164
809566
478738
379929
570637
123221
214135
915900
474128
842092
668076
5281
812132
159966
542551
350182
757138
617251
942039
830518
821717
974517
52610
299361
294126
397694
564678
59348
983763
744547
498736
286585
126983
297127
707019
365806
714501
11133
143457
314970
928918
914927
756317
426866
312450
855012
693648
71047
81315
162193
464722
987080
135509
667839
441345
565340
621961
176180
319589
670036
880633
647361
805172
261009
390070
171624
161009
595506
559773
653991
62254
557367
685416
986405
251315
75703
43552
64056
688951
221946
322544
580497
513035
708724
275861
208517
445590
439711
595762
872056
554619
607411
169408
461352
314007
825797
804835
652307
163238
27642
426583
916998
745989
493478
745673
512068
708242
914117
65922
621583
915183
526036
183870
312342
787558
645837
82715
308858
672614
544638
777773
178238
238572
299845
942318
323659
557821
893546
664787
614814
450575
656153
85177
395855
668424
501114
544638
947775
442654
618863
332333
515932
540701
542569
712145
447443
586247
819559
876458
562644
94677
892173
878846
674491
952412
742493
314374
875680
352459
83412
288969
88188
802256
629155
85959
647030
702171
642312
704523
641481
250299
147337
228964
319188
185828
995021
416877
459519
981329
790679
28103
878852
796294
477087
56296
787105
117487
104079
324237
112409
212004
894039
803915
855009
750158
259629
488899
355054
635555
738661
475124
70809
30157
889256
467691
182315
583336
998804
183445
561931
498410
271152
316085
912641
212510
332106
703216
96102
546953
469935
835142
569834
370093
163335
754395
190786
145835
218826
381299
367980
182211
551011
725821
848096
895928
465759
234886
6549
912399
381330
886030
779180
941493
364103
556792
562429
861632
754657
274842
535549
291150
488914
236213
755721
731146
844343
604926
608337
744397
810831
893019
186211
807008
361367
427305
424083
929120
532227
175034
630981
220794
803546
507484
704983
752918
213742
472660
13293
183441
675895
344746
490458
159010
509388
758302
271271
329822
166077
782648
159684
677846
429839
32765
417609
593758
273621
979325
591783
649513
875687
630858
712751
455184
424770
697283
492543
35569
512700
252238
715653
904564
266658
959716
721393
82473
331696
106565
110779
269453
626795
996493
390094
461612
360223
309279
907984
445600
302001
831933
721678
94519
450528
849082
41673
645043
983452
967238
916951
913770
92227
962281
655544
476622
554868
191755
767414
255047
737106
27695
782967
586940
241431
450560
202467
825137
464978
402500
164908
294474
178366
887341
313470
870638
192449
279182
743685
47495
421246
874347
833301
850789
566039
619113
298555
459778
279874
276196
627678
884448
149574
906463
544912
727439
719571
562710
988343
690123
380476
554224
293394
545153
496274
973265
697386
271666
803422
354123
722520
674737
857594
710580
576109
657862
122444
79314
890753
109877
340000
692211
372315
464665
335649
133402
6714
363753
446644
511955
669246
358364
50546
877928
192182
724585
155648
867948
568391
460200
733132
978548
506549
520724
591269
761574
336209
845361
690231
40617
629503
845578
477026
731324
195491
563988
910135
632611
783336
276463
748495
225659
906540
363594
283207
617007
876363
267685
398939
847619
800775
814002
778590
949901
46417
399381
517843
523204
962615
378059
350956
58353
413289
435430
4828
524674
652457
34358
527067
127997
66255
676868
573622
744594
803382
631032
679440
93257
897095
926682
893177
47258
415775
499189
749416
988891
590816
383959
90456
617876
611025
190774
124989
475886
624947
483181
676834
976522
51361
383843
425505
922479
693218
74317
426110
511451
193423
170121
486496
316346
632923
480427
305388
147573
378628
77461
751295
833697
291029
276159
114760
439768
111637
75415
971265
337893
461200
763842
342920
738265
963647
21376
13470
611834
686870
553645
716218
4507
101483
722147
372299
603655
900222
903741
407561
391639
646761
274743
214967
910819
269157
839921
603511
696021
372918
779346
160777
511961
295604
341641
581602
703152
823800
631919
2917
278820
291487
564297
394368
425558
594750
228457
706150
442867
664162
243
191332
927749
14722
947389
798114
971558
349700
450512
47097
193231
151848
638668
445547
498702
555093
924263
572611
730838
262142
489301
870282
458416
929521
217668
904675
634896
805948
449791
662404
397634
421628
364402
512209
96387
563075
595341
130903
435948
385637
606401
645601
741897
409183
324711
19579
966536
662629
64384
657345
186957
428871
801367
31586
295907
238015
998019
487287
526092
575961
406216
281402
674233
201023
839773
292580
396245
34848
105545
81575
669627
698813
176551
989509
149577
384016
543688
209867
236620
558873
146551
329006
65370
83846
58199
277696
443391
410366
596073
898383
360399
39498
771946
33243
313051
397536
371865
156145
943422
881358
75031
604072
935447
82111
706726
283703
684817
416877
529428
122930
165405
93732
188657
754015
990849
226671
445371
924153
887498
716065
959963
766400
24605
346561
770632
691643
942956
480019
226378
653836
675076
104767
266137
720174
278018
915937
395812
372941
531686
844972
358445
472321
689919
225851
363345
977833
255366
361718
194853
704800
358919
776733
181436
13087
19578
457780
476486
226991
774960
180491
281939
535624
464489
253673
739509
730827
566658
428245
549378
859673
427659
744064
58104
779918
221623
928466
432124
694750
702125
983311
66363
412682
91387
569190
566705
976190
84842
526486
648584
591242
93356
522557
41048
483003
13298
862591
602893
849430
536666
454415
317734
637808
546822
709789
151578
241837
604872
1308
350357
381971
323065
81391
635552
833802
900841
635759
346334
818994
586544
256539
389234
907553
953443
881501
715518
305591
589730
462709
954055
96992
505359
922436
362164
388006
828057
936567
865077
131632
603830
39822
752257
186972
926127
285576
359799
264628
6485
505261
798694
452175
796177
461368
851880
649863
474841
268830
160937
892754
191167
938431
341381
717375
439267
837928
322000
488911
352329
983107
320943
319086
339525
277724
737571
473484
777619
324048
901798
969629
426755
353940
430702
62633
677969
49695
838478
710864
275987
746613
238460
884062
970955
651410
934957
338055
826908
896367
660828
955327
681306
188339
425706
130040
706298
234041
858400
22649
699880
277434
714384
771608
51768
426135
506713
220052
17972
696134
446408
845457
955156
549910
607387
94768
507787
263200
411554
69194
419070
725964
313535
825034
924944
257597
711308
550756
836504
520922
989467
278326
562292
311034
399512
836793
585015
145835
765515
106788
414653
520224
539450
166109
843488
338996
461420
856348
437443
841759
837511
864607
94795
692340
359643
474436
25134
695444
354936
707910
93667
103091
496633
378390
842041
267460
263076
821653
932612
406212
903721
711020
258354
868576
235592
464649
673723
577924
630288
883126
959799
281026
265538
402775
372873
817499
817620
833792
899129
663468
184721
660401
434016
201719
92637
713839
127292
123149
291031
632704
461795
680854
632791
274050
572245
621821
866071
520552
651754
657338
141421
184786
610090
357181
976566
229768
820091
326004
498191
276564
282677
364601
864061
499513
878226
133595
187308
241171
42945
305287
157845
64396
772377
280276
829496
635448
260394
121000
853129
719310
313072
594569
663335
988612
938145
614340
304711
709638
654054
207348
560367
663058
531046
786991
29087
695475
449661
212947
277834
355287
667851
454376
754369
49999
370153
430130
932977
381412
733687
69718
993603
853520
331089
994342
958113
191264
534091
238105
531044
889932
503630
610138
639951
374479
425347
121114
334130
673765
752082
866202
933904
472736
498147
780737
725149
304215
363877
533349
341912
524606
670204
341097
5122
143058
70405
601152
852985
730347
920007
406608
406902
387443
548023
403761
159520
344117
943591
721300
83658
380431
542925
514817
524240
69698
138412
695160
202505
706216
466081
370425
858345
698117
153356
363167
675766
11509
378713
808104
606885
499909
500586
525264
166737
801502
961251
191834
640279
603293
298641
482160
84112
263742
822904
298466
282988
645942
263735
891274
93671
744479
299354
713296
530795
251406
960956
664394
161858
452352
709655
980027
790518
828275
877994
675580
820040
622418
598853
118905
929097
383880
289140
110354
887127
195638
917958
943521
280568
692735
127865
682331
807628
578176
616515
477071
604978
375133
485375
115276
367034
385911
175475
904800
845378
601786
146170
944442
816111
799634
223763
845617
388362
475197
532612
560798
514676
780603
820844
912547
369351
287779
519396
481231
498315
759056
968977
458842
355154
605432
461450
448907
637297
948956
842272
578617
471387
335771
822030
613421
405723
422306
162366
579239
751918
572670
900278
504056
84346
180626
799389
110732
736303
738212
278958
885514
854137
887953
522360
474324
237535
451873
170575
296169
419131
866165
720723
814570
663766
700125
511450
960442
35743
885318
718589
941182
655112
424337
929340
750339
357438
599422
103567
570431
52291
391495
644106
245616
85673
496841
697259
581025
876140
850781
591299
205067
907565
933510
170559
856856
825031
952834
339283
742659
976400
275651
440642
275611
900910
222648
627532
463141
533459
651396
186163
724833
338518
192464
556204
367013
591791
636604
951839
587622
335503
29104
231323
33174
615322
740945
245530
814759
341122
605072
630507
840749
497857
146076
309314
115169
367411
310455
706072
67841
352973
840806
891456
143381
880574
859202
827720
146573
20192
977772
324168
329735
389339
357150
840586
905964
866519
343516
935765
200378
265371
92360
322712
453596
664967
992853
164464
767669
782250
99604
368406
211579
94017
925674
386408
19840
925005
452259
624338
211981
908239
845919
698137
617447
363491
513770
1988
31923
146038
753514
736167
122613
982950
546481
662413
68852
779445
120755
602113
543546
974888
369105
396537
836343
164290
424595
765536
442245
358104
399157
421951
626183
620113
704600
214663
465578
622012
91353
341565
469069
53326
799295
373826
683005
852342
220622
698110
369433
891167
793848
658793
973461
61186
775923
760437
721562
750437
361126
627227
866441
232627
75773
762113
529504
576825
89308
119045
512054
111163
62319
361577
428128
464689
935968
567131
544182
958113
433506
926367
46703
956890
257258
770267
764777
687626
581822
172223
303430
579453
380006
323727
600432
662258
777598
966030
461244
168091
374509
557384
235372
899378
783536
762237
461711
267315
324624
172837
602051
324346
134066
283684
484187
100793
946573
295500
813595
44309
370806
97993
316576
57310
519191
19053
361501
727529
600702
163353
422719
891660
122513
292804
262066
487734
698720
869995
92029
79784
896147
168597
961417
75860
599554
840450
766207
38800
600931
118768
759439
101111
753694
132681
196108
232285
673853
518700
295092
135020
490559
763158
717902
821664
781772
566957
120428
18267
160514
136233
422736
86437
650861
703327
917227
387140
590678
291628
720576
473908
661874
333370
308072
998148
161403
381618
498222
455629
945116
907262
615514
371663
37062
207033
149963
173609
770784
266870
567869
154677
950555
709802
221995
283390
975459
401271
722894
601054
836401
665877
220803
818809
26813
101599
933450
692112
141713
786872
917674
546818
680761
55960
290163
710438
888343
229751
315548
263805
656723
138964
168330
89815
402863
47266
375218
158533
228472
668496
527765
618935
295896
831411
907882
856817
473801
530899
445914
822318
130276
911247
807461
8977
688088
160109
731106
162116
976182
918402
353059
114480
137896
471930
123190
29335
290626
113349
390792
685073
244912
900255
872741
722081
364623
187577
851483
115635
571737
209929
939516
701812
372280
85291
909825
716174
818619
408114
497483
245695
458342
664656
755973
289813
473763
761373
933990
318472
636439
168135
759123
977971
723920
559959
518561
952049
341210
251292
16248
310224
327281
277174
23827
626293
252944
593729
491363
912524
208616
164059
685139
188521
825324
13588
607463
573888
398665
326961
540670
208509
998515
46365
364662
584065
437467
289837
283182
438714
707645
782030
732902
884062
55573
182158
500291
340804
745969
741251
722160
388831
793314
85595
196254
108631
756748
372930
978155
232390
934045
394986
520545
37452
614938
670650
267605
16847
354773
180629
695472
836178
415547
899781
909066
266673
765642
946500
806706
660726
819871
375975
491722
552795
673197
435304
179855
914205
658506
618894
196151
181626
200739
231547
730099
246599
893072
860561
440468
343152
136834
269186
174346
673740
305881
774260
244871
131419
573394
150285
422593
414048
445918
390368
919895
323925
459662
294643
385035
799696
465897
144172
247469
257648
31648
643032
393049
196867
953241
55512
37847
661688
546663
227817
507872
945531
502043
692622
802752
271475
243764
320156
526359
54292
531249
130786
369977
725793
185287
389619
234101
459074
676591
573585
532403
327293
682582
10871
729334
821012
870392
268099
6594
986299
549767
536254
923223
902645
99909
763849
483931
770378
825841
657191
129685
365799
35357
751777
26005
433810
775262
433498
259378
313992
486046
699887
850412
81076
343500
373450
546736
173710
68146
336772
745529
602830
75622
74292
874835
116620
282202
67033
310010
980086
90127
166495
398306
101293
946342
995346
135760
954940
272727
564892
227237
138933
832634
407356
191867
569898
682499
231622
791656
686725
378123
186960
105568
314373
887625
615296
423415
523413
566303
272816
709379
924427
967569
995771
515423
97338
440528
496743
203469
213876
919605
655727
240243
955999
898057
364587
692934
5362
288321
695710
127940
485453
669895
64476
504795
611059
499571
740374
882215
862629
156248
355908
641433
59099
561787
855469
796915
773025
418207
449814
364591
451021
860540
329029
363007
6553
99213
803184
979056
336609
949384
741639
442152
181626
793385
6299
285838
793644
364136
104361
570504
293454
911817
264391
45727
391677
163090
968042
185664
721016
255446
700754
324764
396123
153264
493778
324270
476150
117132
804031
220636
410890
158367
775861
860535
407263
993782
767297
220893
537989
977068
736942
317950
438565
389110
32943
841531
990850
966488
262310
63082
616402
833914
881295
768246
171955
532885
262540
840804
198220
221128
447437
864752
623233
642631
825755
790550
890194
122547
239042
357164
831569
384196
146521
429036
441214
916450
598127
605136
241216
627987
515156
537878
185218
401231
904897
526755
186216
933552
131429
272260
176429
728133
889100
307983
19035
701958
71534
859624
943781
935393
233362
297375
899940
989683
393821
627319
162860
839890
795963
830274
199883
139335
640233
921192
588894
192985
953308
603334
589967
214980
26513
610418
118510
306313
201842
696221
434795
735647
519970
911186
857966
55559
914597
533275
21587
767101
517295
910658
746821
869450
774152
964405
51446
991991
185624
260739
770232
238108
826133
989315
756987
646358
932677
217619
723364
897494
724914
953022
575430
864342
405162
414263
573695
89447
727408
632450
234609
902567
960963
739122
289756
398734
4808
864589
632085
692263
716886
512267
248037
638491
878878
918077
911425
242280
650549
350539
561377
869425
662720
843734
678782
839344
411003
897660
644205
956615
522342
445433
611667
709875
837708
231978
9988
605153
130097
578285
699197
49307
539863
737317
422329
901147
258605
715674
645555
594432
874261
113021
60858
884958
772880
843017
985898
79344
940809
928516
610508
208616
529787
166117
263244
977703
645951
213711
7315
425417
571893
739963
622977
265239
825231
585461
295496
293664
629941
284477
683944
300577
77144
416270
734850
66465
140183
267067
412956
863834
823111
402868
147376
725713
727907
510568
974577
686919
338128
334533
388827
311624
843530
481946
438005
379872
425649
188382
89574
703149
394922
85578
988657
274832
750963
597025
965007
230013
105287
307344
643432
817458
548266
995055
139885
369733
346386
134695
570901
127253
940658
360046
567985
444386
174628
608238
702318
517561
290865
273029
508391
551176
821440
270565
176293
655248
224154
43098
25844
29240
893782
936556
29474
485629
843110
500890
915991
465735
960380
686663
400012
253271
911258
568113
27818
177501
354357
380699
847295
874215
510021
333773
732319
277619
83756
861106
694293
658085
480768
247967
149701
70868
785527
690355
338655
619326
456302
176153
573186
239836
105814
745322
575851
668625
982331
576496
93848
390587
371442
404678
753277
637228
304735
23643
57890
200627
277024
947093
309079
414931
205594
101649
315733
972629
951646
510601
146419
649273
667255
34255
330369
634888
968530
648118
273989
653381
36042
950671
720208
73282
690832
708753
234235
612878
361972
924690
368131
625356
860242
547058
967934
854623
51995
94295
177721
7297
380863
529746
426737
352947
423988
688288
490154
533263
176550
852173
369902
401401
622075
307827
867237
497268
523329
891233
977102
172176
19575
151895
666008
328833
622261
519853
292831
535308
234041
559826
36038
74650
538894
47602
50093
743663
917146
152241
40847
422900
117125
217557
580091
849840
670594
429952
277805
874581
568379
977114
742985
584055
758877
983373
438579
581015
945405
556842
644237
521310
472165
610281
693710
677797
568128
703949
348860
21681
652125
539430
770758
405052
389603
758320
462336
71534
429650
578777
943227
250923
233457
374496
957632
117958
164442
29785
666025
803603
108510
676301
202397
210137
583254
913982
644070
423654
638599
39751
491889
878205
342897
399970
989473
161643
168628
799364
402447
423032
401568
532387
386146
885240
457432
476055
112840
370241
27361
142622
563278
601526
51084
929146
553186
753346
555070
131701
175202
946017
421017
254213
606368
828696
114633
406410
794165
297029
932077
150131
427455
641041
150943
692865
698424
184449
945122
909028
236980
588908
13799
796289
482871
948551
497020
992405
971312
264028
650642
425587
485846
738329
743785
768681
192542
350021
266394
580289
40982
541261
386752
651427
136097
308989
529860
399256
330575
967818
489476
913897
463896
607692
542496
209062
132150
425417
604833
137538
77276
847083
95109
946203
940118
121620
306667
404632
605822
628680
342615
997676
279704
7625
758819
739063
324939
108480
389187
24139
185277
926743
672243
371595
670921
713059
613055
421488
853600
735999
10158
890277
708025
252596
792524
392338
46262
925908
62099
113783
478933
47462
509942
2926
295375
148155
994569
446034
248144
538975
543568
562943
978772
159467
750370
443055
313371
833144
843193
662723
801288
668462
813017
130723
710428
868346
945243
32572
25161
470302
267606
126056
244150
799522
464872
286956
744015
796136
129702
839770
121925
971421
804254
490519
873641
286731
888197
373623
328160
947020
522178
608900
82308
687258
88150
950366
883032
498945
30310
512188
4773
609397
591398
682384
530165
273600
228516
153609
460715
971987
601646
865202
746301
621054
880097
790328
346768
609659
477264
458888
168495
848613
905933
478487
408807
290246
176599
400315
906049
222477
384096
892919
541
660127
856377
767124
109991
984900
635676
36074
632889
710722
279446
302782
887885
272391
601103
120069
361373
561151
416375
77255
940377
778118
364815
568735
584196
290999
598481
512799
903276
131875
209341
961680
260100
943966
549890
327190
756191
375219
482117
201394
842123
201847
887632
936098
681864
21499
206362
149923
323300
388827
479279
432982
186548
728179
969276
432896
630769
768114
747001
664812
926828
866374
903027
484715
655599
46071
710261
39868
294322
642384
980626
286790
422135
401783
762130
383490
925827
352222
405495
135349
275961
393106
93546
849627
223188
264753
764679
243808
235136
292536
720002
280455
622870
249722
963252
534510
276786
885997
226246
567336
334771
308127
842552
893258
103567
991430
771215
753730
843728
968052
471769
531680
395887
233321
690718
388408
640395
891907
98469
634720
704262
436368
867360
842709
885565
234820
962229
892922
39010
341830
29609
843520
300919
11492
217195
658145
589352
806248
797435
867589
741702
154178
76021
941384
243292
854372
983998
337107
937200
29421
636489
791911
821079
206845
475911
211192
593909
667687
32873
396278
237265
267652
118867
847654
233809
975268
740318
286895
384214
546080
835530
721713
68598
960587
799423
554064
764178
546823
366270
89295
738580
985267
751785
540886
308807
467458
784683
347478
853139
677991
421509
454787
820819
613484
25206
442880
696917
50786
309703
63769
972973
604659
971440
681897
433782
202771
772586
402780
112871
464021
719314
410447
48909
540890
896887
102612
580394
447780
457792
280977
351722
954312
37821
30280
777406
291394
76872
668849
104600
631971
747799
419843
867457
531685
238946
918673
127770
414303
411755
727569
709741
403475
794287
192505
349039
80421
570599
359683
63956
789479
551163
416975
190223
580559
38212
206502
172581
274890
138428
615708
634285
565993
413445
332816
453158
679994
193874
859726
403893
133362
510262
508115
86649
528901
970695
915440
17228
267288
980846
956039
878745
66574
420558
699698
407509
371583
53583
250436
364060
379079
664838
170343
13288
416826
282435
849508
671792
485301
431350
597186
811867
526672
230846
169029
287
840175
750160
662679
626427
846520
171200
194053
152525
423647
927215
84832
848016
671836
254290
749828
838518
823166
165018
507509
889374
307161
657029
54629
52659
865627
755201
795410
455904
994557
551352
970636
267827
518549
530557
425300
147149
347272
359825
830560
42307
106524
879121
867068
791765
653227
157632
856202
674313
924659
529261
904170
108643
982411
82689
482356
63554
449520
806759
390114
624858
498942
545880
56011
517641
117882
533186
312906
444952
558220
291156
735677
494609
176330
24616
251689
474488
206831
821582
924219
208423
543210
766129
135209
577161
34835
991849
523255
359539
113272
476636
500566
830554
454230
668369
150823
982453
598435
592083
216797
748912
903176
250942
352448
709065
148716
445161
879309
821451
686636
199280
387323
329317
336039
570524
290456
546279
866101
136689
888466
220440
124919
128725
453266
963446
726665
387992
984835
854731
690324
161764
249009
800232
458753
708482
666444
243457
685640
435014
12875
489636
730790
396121
964333
810519
17709
850273
402010
416270
260917
134479
873000
467974
499120
58116
