551093
9693
87123
569044
768993
375525
644785
33138
629494
483402
917490
870362
226740
830262
957097
382202
65646
909974
887710
189363
30337
271754
834531
871582
147762
407349
50676
546160
26851
375859
49098
926136
745010
646186
47036
703109
567279
176570
821138
430948
455159
606542
383144
171654
322865
635412
625532
988097
90021
856265
796500
414637
467188
768173
681422
266799
776504
516694
298630
61906
887353
586977
301917
694865
625480
156995
753580
94513
739004
467133
268998
49163
511046
160110
285858
30311
394163
259650
563629
29764
36863
775432
786411
168437
348880
777762
469510
713893
772310
181334
560821
347003
480636
450881
325706
57240
235019
508906
296152
70781
103004
261428
526142
727114
805496
456878
161621
91234
438286
77253
549298
273450
725647
947801
271960
275695
490154
620780
791101
196903
98143
681399
15287
264399
90370
295191
898691
161268
374607
93284
867570
553166
951140
81250
828465
110214
772511
210513
288371
679257
813972
987615
57917
590868
589547
209534
47053
639423
560341
61711
482280
458454
490153
140925
40511
799218
196127
684135
530813
337031
619943
169973
888688
94534
132071
840460
256977
565859
526032
682588
816370
88881
128475
154518
350787
4969
679334
75131
483520
343817
478821
884816
424315
929689
853638
930926
962753
504072
950437
328246
69740
952501
490281
332769
752453
934091
288505
161525
403603
46468
607583
64595
505988
391694
128695
260077
325047
471114
599571
497686
514340
161457
893359
452530
989481
732945
154123
269580
634546
620406
628587
634374
161283
522852
682087
287339
511013
425215
819311
898657
421483
183629
230751
895290
938655
503316
272443
851689
696462
586462
308231
132625
365421
271835
515846
726905
3943
178917
192525
441244
135236
526494
80386
834078
756983
553461
938934
134360
829444
512840
380637
805588
365132
41956
182566
516820
622646
800743
368827
785421
590844
100166
528471
526641
228687
965739
802558
306602
707880
852919
293662
990562
41069
443237
154688
13951
541499
603726
855403
481452
784406
67593
242709
246419
627691
554986
541831
729703
284605
966507
349708
664285
468340
868137
23829
6330
494399
11909
910060
475975
298081
679275
780755
241058
784607
852143
191289
109871
923525
568211
546136
413163
994832
720421
152942
83809
635323
104453
636117
904821
539561
350533
659329
340253
325547
59561
322070
975664
859375
493197
381156
720662
951430
123878
526784
435999
328976
752864
805696
221425
848390
211303
19986
35033
499428
619394
87417
257410
638705
363353
332069
425091
615852
107863
807727
91026
910357
324330
982318
749654
798229
337703
819064
320667
496267
309451
742777
334559
284275
600221
421161
570121
788661
500975
517421
261241
998920
236035
377868
278010
598145
569801
498956
838868
73020
821382
411497
147967
51109
179537
212721
476721
172132
803064
160831
795480
499235
399807
777553
586852
724349
629832
126280
679675
491012
967118
102077
12816
492271
930315
406907
91790
394718
875386
321884
506542
541900
449463
529155
545960
612944
454978
547763
564549
69776
172066
389898
8467
385538
700582
187102
342259
125600
732423
50931
134668
933800
538857
182869
19170
565069
663296
515224
892993
102333
379023
886378
606035
908624
725900
869394
259025
19402
892320
876103
580182
269517
368714
913327
639631
269022
708835
848115
152975
522514
912956
714939
175743
459156
471843
159435
703155
137302
50181
124217
143191
356882
751661
965450
722696
618940
335723
941097
625151
917574
705167
109827
817128
999119
818324
476290
252241
103081
748315
373859
849214
105349
618572
476854
389529
730238
558305
259762
734854
961406
913854
456114
669781
564305
742712
692496
157841
877380
157750
461788
671349
310393
38069
557050
656830
251274
228069
94037
276892
508696
102641
959748
487618
681711
233116
340983
555228
862999
976134
755869
414176
965242
695183
985878
938366
623981
81106
338576
272625
934045
668562
191488
662519
94103
673843
452287
309725
978483
578847
553855
589428
570462
864969
531240
656864
998531
473166
282771
265806
735958
67895
953442
878789
410749
527323
105082
888022
843866
774434
557278
837998
298937
962276
155817
485130
735827
123503
902759
638089
745597
37608
934481
489949
244336
991240
1316
823771
542389
885256
645021
673139
88941
628056
690323
788025
864826
454216
321328
456801
567182
417162
766669
132554
11214
480782
581930
836465
36194
193421
247175
456582
294428
662754
277281
210267
118914
815186
215820
585657
36730
244588
921641
425997
348881
603788
380037
479296
436839
411193
382223
121060
441787
347886
286259
497418
450447
261686
518039
248688
130168
738864
863153
561751
729540
448242
176771
469619
566407
217866
393908
381436
548228
87648
612236
346466
630133
885751
244044
822493
508216
898834
255016
223138
302998
201203
938082
57265
71984
478463
420484
434827
245896
894781
99706
395842
772713
644413
39242
977064
501876
709909
903536
854249
290057
244423
13274
168373
461838
414334
474556
710421
16095
353527
96209
247455
248146
955773
108464
996485
167973
949260
391687
855111
577863
591063
331318
701193
416575
966565
326154
400383
15805
684630
48404
313092
354428
726532
981989
144970
853328
23045
135145
312620
294481
662220
691294
368608
939044
409711
372015
1480
716003
905219
196337
219687
656424
996003
915065
325296
130555
80272
851159
445178
843861
67506
640884
623953
436369
843901
316740
136870
373998
466543
573671
252646
83907
504693
171874
464232
965376
923245
739828
159999
606236
890951
150488
178991
446112
727877
687575
336573
302480
523489
192710
302367
513777
685581
4643
585491
708796
226389
430216
52876
702045
218529
409482
261318
484136
774614
850097
465275
370585
301277
691923
59310
472518
244667
788879
950500
940323
27423
685155
421618
912370
225531
578539
722226
427525
33226
828663
734223
368689
845039
220871
869184
154961
486974
647397
589906
42676
213652
781407
72925
500324
877792
997408
439512
483732
710469
85035
165833
353957
214808
214451
44117
794709
626372
369369
940469
489796
208781
614466
699657
785508
585457
753556
452422
205245
933802
784206
30092
400795
386001
444610
845651
268117
772892
351599
12995
673722
342856
835135
490722
74073
9362
499097
917927
681965
392799
628964
230894
868003
731195
164058
374469
738954
337150
589316
379299
396118
742731
656407
144824
526289
637042
248363
718304
808991
286261
637332
159153
715116
281768
529247
759667
430516
748273
997035
758191
934702
153135
97185
408160
651414
109303
373649
798151
906134
569594
891690
141850
856912
195330
731414
491484
921994
974171
442416
760520
99383
397838
683107
14183
297118
467017
582560
105473
388073
402650
137211
248496
503884
861530
445603
793615
674512
258407
584444
659474
307259
424265
345691
382000
702110
758774
976477
801210
551867
931760
18788
981647
932304
182924
63663
919784
849093
674191
374101
734287
25901
492529
498014
867821
383548
729859
387070
745728
272198
120428
42991
159595
582512
875151
722474
479015
931957
681800
14465
437976
742807
841942
50396
342266
375136
40147
364686
38010
31635
71709
678163
244577
422132
413721
405096
417195
73649
142030
420679
620854
617452
196780
114814
977622
711078
823472
158571
100869
282121
906143
530326
846520
640529
605871
856107
779532
582681
415621
555346
70303
926270
968537
1325
911740
809394
434679
134445
987886
402463
848478
659602
814965
703413
768459
542205
531415
979602
195472
375155
173901
607629
264157
127920
410846
255647
903520
701349
504522
478383
19849
759569
593628
443577
115750
697719
680162
168218
817774
371329
884025
875514
495897
130801
686658
97238
963436
455296
340849
556329
752403
801173
332740
215862
828390
921187
687120
645557
354894
390559
764342
987031
730113
716893
402677
691576
878632
55302
120922
124065
28834
790840
764754
933110
920802
190330
110176
501890
642100
361882
849833
700189
60189
349094
723116
53944
449247
510275
498064
555717
87067
780717
810838
586565
665489
576651
50926
784559
668291
127662
998821
184122
522041
476070
159035
54536
458205
992257
942419
220527
999174
54049
572803
510180
851154
996409
899403
655878
255276
855524
565283
164037
801709
703073
981229
698797
78174
865391
848714
742995
923676
85889
288713
859482
227540
490591
3769
999778
719790
942361
472799
167182
49095
780968
379843
989553
610838
987042
878821
231509
563568
274777
839565
964519
830182
355026
952640
726274
123084
918429
641934
317526
353109
250582
481032
94389
516314
575990
881616
832506
681529
270870
983305
427222
376922
534722
237101
584888
360653
551094
519292
482520
785487
567480
16274
139553
525612
616529
977746
182777
90942
321129
465982
420398
209875
643902
140393
613566
449516
716289
85891
982467
593634
720781
611539
396793
609188
471492
209732
360110
312795
917448
923158
756485
422382
647635
134261
456998
707937
222196
425127
51717
617752
847015
947614
480974
761914
803535
335149
994858
341553
245650
319768
638193
167245
544529
454788
373932
797448
962115
214477
939717
204644
40941
582774
731726
860401
401664
359867
917546
511339
472398
751683
336284
161535
503722
778289
761514
860974
567644
901786
758061
836555
339326
418769
244536
197918
845175
977053
277731
521771
425169
34764
439795
923660
687800
297249
538343
869755
440657
952552
763361
702892
283700
296107
92207
102615
526728
673789
891382
189523
121722
384051
662714
684126
564250
609459
781452
851385
807698
9956
753745
357872
44163
372869
553770
909880
104829
118489
926405
321328
528475
866560
204288
469002
712889
53474
913909
45763
448212
601540
616230
123470
434684
454076
891270
446735
682040
693313
147618
578
529526
187420
603690
515132
914413
426235
854880
848906
530513
650148
804892
640438
231282
985159
119801
574952
885746
591020
288800
745896
597345
912459
831023
756289
604023
524602
670149
69889
707885
446657
292589
610462
322936
974217
405156
870963
623075
788275
122568
528039
387975
892230
827808
608750
334122
507264
380418
57641
883058
657613
790501
268329
741124
191445
344387
957201
41150
196016
96298
769497
672781
396725
2848
239535
231147
579248
422897
339576
128056
455089
885591
564660
770804
307777
449156
158079
158807
581104
210254
356851
998669
836298
918199
288939
640273
659560
443160
336035
16741
58018
434346
847419
478123
199330
920049
72794
434532
979028
939078
375471
135490
254777
21759
297747
127083
664155
476029
126794
746957
926747
136337
397929
987480
374182
545995
498065
196637
164038
704609
431449
562625
326100
684665
726090
649885
941708
245843
620419
354166
309561
129814
425789
808788
670095
574390
584361
719937
965591
927038
106230
297183
771077
979071
531247
718182
637157
502037
824192
130106
269044
478034
518424
766373
87371
40266
525802
636086
726838
129851
366159
129141
950179
556886
615494
878145
247222
76334
693851
286280
513145
199548
151589
16483
353393
11213
586600
717836
578444
986569
663259
567165
966966
777568
573701
906086
642826
712722
344705
905737
437670
195163
81440
856630
812247
107642
734253
212446
397875
156125
107019
955735
382982
313323
517435
676715
96292
961773
751674
735645
544542
923546
895047
289785
359631
746237
795074
461527
975318
516101
499696
172844
331870
910505
219995
689356
483352
968310
456151
177152
173066
102646
962079
433151
803137
462974
904861
716109
412578
901013
950984
584109
964191
634812
36008
477700
607237
112991
991221
998156
535985
434390
535453
519985
980003
485464
781989
663116
543658
758077
508263
3641
528319
810029
889209
924951
948590
326698
151470
947739
759215
839544
696054
613841
342035
578661
15649
816689
363546
606520
198336
894810
967073
430586
677996
901677
838008
30619
422176
898057
90578
467651
6657
428190
560534
517559
426495
649200
249298
36643
367635
296682
196495
273930
305256
883996
782463
345543
220182
878227
798931
911102
977993
976980
946985
141157
572736
776244
261219
469673
994866
530007
664531
271166
28683
924163
621842
995206
955283
416544
534768
840157
195440
144142
776005
930047
176642
966371
687334
234518
61612
832448
273203
677348
261939
411983
520782
910282
467070
986651
669030
552947
728445
531915
252209
11744
261479
523964
601336
622288
635163
82298
240652
618891
899432
831067
401110
903883
946792
543225
983884
537800
879495
785290
981824
944159
910817
640542
651026
774878
579337
286196
85702
73838
967527
716280
625520
978653
527033
430429
371212
846344
825658
36691
870122
517025
514655
605221
450822
581859
637246
24306
624630
955087
917194
998022
899068
99233
401593
53909
90555
44116
592198
243987
348167
866511
511954
209459
954261
619755
63334
636218
47953
437025
56595
148030
582671
329237
309504
105113
893177
686952
441251
552039
683295
499993
378121
629164
897952
98078
994825
541005
58658
750617
82702
206316
843016
490724
74255
590947
316604
649361
718182
901581
251026
517900
325776
586750
95897
29149
964672
171986
890755
37706
8352
967907
217838
771353
688997
907220
439054
199219
249293
682314
544377
920740
994232
672059
942479
898175
789920
96670
192964
453471
868663
530882
792012
483592
889372
529019
974370
777003
158713
681398
115124
105608
378939
453038
214830
859950
63791
655287
649633
884958
862198
553400
916880
64078
485732
97334
505239
534281
43963
184395
436921
758323
454591
137653
634436
902379
7926
818250
801187
255433
846974
628106
319616
641990
986378
587853
64851
441339
270715
819035
243276
459970
731159
993114
925785
959993
72744
49954
624468
254373
865011
125293
689101
376498
813524
714090
322223
340696
272691
331376
832209
160858
762725
317839
494875
258345
178785
776131
723859
115941
798812
432514
801987
760387
687748
243060
217097
859849
2710
49219
890043
73910
420317
719688
977204
40768
610184
780132
582272
543285
915238
603248
337184
941187
565504
927820
221946
95443
987411
53332
994016
894223
146216
208817
716795
205573
873298
610699
39123
422179
390980
935836
142590
517282
350540
698336
618532
288832
462640
354089
398378
960677
452771
13006
725123
220903
272868
637891
742927
254569
525236
294276
676142
949150
412466
326124
703078
818539
503956
32674
579053
161259
903556
683378
136147
436108
605653
721018
315982
551638
547232
316603
498084
279756
881023
708879
622191
316139
142501
41402
621840
954703
633689
660120
786547
377717
224141
608822
919866
603995
446687
927357
861320
45892
270571
844041
629229
940760
399883
707353
542185
88999
22188
680862
798047
84750
777934
693110
964055
679666
288663
61298
828720
222890
159573
26451
900192
844217
219279
100244
304105
444088
315334
398561
309339
611603
862861
337829
417216
932202
151426
863041
215207
161495
462696
419672
33424
808719
20322
678023
975345
468577
683598
178674
544739
88540
963772
781498
270828
134478
675786
350602
319593
639206
697758
179409
287256
837499
197374
588618
891264
681637
90255
71030
760509
533321
16552
231468
443884
429939
764178
553158
712623
329308
507742
101117
455965
114698
527459
958287
462985
140887
502419
711004
822765
129993
968441
476433
919540
987488
858514
291067
891361
945071
752581
298237
268255
276834
218431
666973
323493
524190
783215
9080
76229
403462
721371
907030
604626
949593
806430
220568
309996
823800
759294
760910
695978
782661
813934
488421
276130
699816
962781
557117
667671
772843
659768
47065
102272
358981
393923
456432
816561
931124
874831
419424
222121
747203
148569
982594
859831
862315
231999
797144
416585
472918
900704
839779
891986
937278
729294
439954
900823
910132
973938
373204
652375
755965
14717
757070
735189
529431
689479
66665
289923
841945
591622
428674
991628
677112
233579
885637
429438
135270
410972
720916
823955
10452
736778
195808
435227
437593
260080
191579
770631
349931
610535
175428
208980
483785
451879
251425
871697
474235
404702
876939
885775
17521
720166
569251
872037
144073
276775
198371
475037
22508
455817
532687
964735
77912
215571
42633
514167
956536
797093
397380
434853
100526
587598
448017
937410
922099
772043
649877
830698
303894
721629
682780
134602
329696
536326
780550
295206
99033
826655
692575
153607
983075
530265
158861
584192
262787
956686
527458
112220
352320
18563
690129
683238
271460
868925
374334
211285
551647
345212
261102
313681
339659
383512
851294
330406
112907
160631
924591
146884
821388
584169
418238
474864
127405
606880
933778
500363
945339
507215
992687
951741
640341
852381
995591
910206
832559
400710
380368
852737
394353
14607
6961
301181
136127
705188
804438
318873
191828
304655
621858
385139
722887
12119
235460
519885
356976
309235
763235
912212
383396
545449
501811
689166
806363
700232
939817
524512
406899
806718
926987
137530
767246
505239
858848
400864
383830
983891
506631
211349
202976
666530
698212
32998
146862
391486
720757
762832
102543
515109
334531
448591
933601
94322
371379
390532
424823
149079
91260
407809
962709
433977
645619
839605
538584
497128
740545
389103
15411
888826
894775
380944
239507
652035
304824
345618
224740
550130
451220
597359
984557
109707
533110
765231
896215
748028
352755
258129
281931
428191
590210
614869
237240
39883
108235
24164
464500
555927
894104
524317
675450
120364
828968
449853
110098
228486
812706
155434
982606
652871
793895
704476
908656
885432
873024
13353
176233
973789
401719
572139
803900
320819
64001
991887
608641
764424
555224
560061
609606
924407
843047
733663
491984
597055
469279
75153
600895
555136
831207
522659
733967
49489
425840
206861
83323
173440
264806
176432
888188
877735
450690
916101
424559
337767
282364
552804
797908
678404
224862
897075
364466
524189
269556
989737
48153
428614
173216
693118
704383
942596
837578
465649
722572
282212
941172
795445
603441
621752
568235
376697
908083
562287
415961
231827
307142
861968
745720
839112
953428
231251
673377
751802
481629
785628
423554
44271
753656
384020
753838
29306
916727
941606
192143
160136
887912
569363
286902
348104
825208
156083
646035
82488
787251
849545
691200
445577
940070
620353
431863
37678
532902
209416
114853
385478
290281
335112
511190
449956
514449
112895
323983
116215
502025
179067
601018
87515
11592
415796
507772
782267
823283
636294
235171
187232
646047
276041
745147
54491
734068
995919
540992
918539
116909
528953
268077
241356
347707
863350
131571
775740
540617
476441
468421
109419
308699
35990
997136
135647
404624
895706
97864
366912
737414
597444
122846
54694
462172
904451
885453
284286
297042
248845
333716
726931
536205
218552
870398
977791
302072
465529
143837
757421
681412
17208
100245
513161
101839
941900
352468
263175
106402
898712
595807
72269
70485
882689
885384
435838
757069
177739
446844
239908
357478
545103
516472
313529
316203
73243
502300
89810
224706
646118
517080
59945
349413
87470
514371
786181
349579
478448
490314
985544
977445
466563
590533
607829
457796
164562
186533
835612
742359
917300
374346
980291
332882
894122
687217
735282
631403
47604
628043
762875
637374
697424
323176
556773
422801
181840
674322
807956
590833
197591
730679
6294
787451
838383
264958
465356
904119
423498
867578
718643
380702
716372
485564
233230
997692
475697
844866
94450
380784
352344
561486
413229
427281
291851
65298
90132
704043
248626
179783
790568
257063
765331
535709
735460
942408
906673
670349
937638
393874
347454
466058
262967
292229
412029
709781
968953
828935
261497
991728
750124
387615
741339
517162
460445
71517
546028
600281
362795
971160
852584
532838
952887
140816
140155
602690
240679
461745
898203
571319
920215
550841
688769
493593
370910
738928
566917
653275
130168
451350
58517
152510
480533
203867
567441
651939
688445
749256
684166
429378
310750
69051
316422
535923
222132
605711
724192
309930
281619
78170
596482
988800
41684
187344
509415
305836
711642
840132
480510
977936
220799
276623
879833
231600
305248
973641
963342
159229
453186
665268
205998
262735
992928
429881
131935
439410
665042
188490
614489
741015
711707
816486
43833
928108
60623
321211
318085
502598
537247
865957
726461
106105
51203
242069
188250
123402
388995
515661
274854
386492
380705
777543
137591
206982
576294
346101
964361
319014
462792
811684
147127
512911
963188
498874
563030
190526
689214
631262
808238
149035
144931
827254
670422
255066
825719
194379
565355
595536
572655
366666
717357
456227
42637
350692
303094
291947
837988
58068
279191
170133
66439
872000
672272
51606
383122
761849
578668
402683
618068
413277
226359
847135
465560
110812
579357
961271
870351
889175
155361
621319
920475
76580
219254
8375
474938
782638
744765
300352
632013
110650
627612
166593
477892
553796
523959
384174
136360
581448
758094
678503
385989
909084
504691
242727
814706
894714
645926
705299
317247
701020
17999
903346
992569
497280
455895
799036
739484
871563
516771
93259
36502
524426
136173
734446
195060
854739
351617
862045
606635
211978
115602
400838
196229
652479
540535
899142
351783
608949
186117
575603
782139
367486
387017
682838
617278
225025
168610
35062
877927
225310
274425
598223
400115
268584
73311
241122
602634
516433
999169
655398
586639
214756
723594
701084
316041
737323
625557
926528
119913
757936
719246
163803
63991
509089
641508
518069
774365
200012
576108
81320
293968
209162
139093
64272
519959
483001
103748
917855
354105
536418
843980
440397
744199
351353
1483
91180
520835
520706
570724
624985
408364
108432
155796
433359
321255
601512
411763
217749
141580
779717
620042
740312
658698
519733
874891
12307
816759
583777
136113
142762
454135
585130
716085
759447
746632
501422
95210
760891
219753
346409
497589
948758
532197
435576
900333
172626
335744
305465
201739
129018
203004
583823
819278
649736
146248
748162
406446
99483
478022
568899
440186
662855
913912
618700
597392
90631
628486
641254
383545
445709
945966
121668
906975
886138
483528
85261
193067
133865
671349
248823
276863
292966
406308
845647
860237
507133
741568
667541
99410
417388
827386
625603
677491
340218
525102
814958
613746
557473
399220
199750
9613
58150
142854
397880
701427
562314
163529
963826
137571
691225
436730
35590
486692
307615
12598
306216
959451
608698
813093
895186
349324
965835
47493
683143
397744
869830
403023
639859
708846
831529
894279
377009
441082
922378
347621
468135
681287
421448
289819
925836
130666
86563
426499
387018
352908
640168
929767
458239
347724
117061
372012
860893
933231
429627
481883
5616
350532
858032
419469
884287
61977
322468
735283
134668
349907
125052
56319
739767
863726
648058
950003
236351
494802
357774
997188
411431
222990
581317
852906
103799
493811
61472
531015
568281
833167
65536
68401
311972
262853
585212
535582
216823
285702
848405
697131
887227
742766
116673
502665
254538
406205
987747
830597
235054
349104
691420
641842
38913
976635
648827
708340
712884
580518
812240
584236
825644
560769
572126
704443
550535
431877
416558
57077
804989
334665
208192
151524
479585
476446
912797
798134
197
803847
938056
92100
42173
813720
72339
881151
519293
477738
247629
437433
324572
589496
575001
384781
40953
666329
971674
645613
520828
299930
27850
593286
321654
96247
783018
302930
832866
638390
865875
724217
336973
978657
404076
435813
727889
485534
324853
853217
634045
481004
132031
829292
85521
220220
359230
376160
166244
618154
893175
65146
797096
877398
344723
232901
118022
437603
458198
148136
392803
148684
298601
533128
150020
584158
11603
816795
229198
116374
901894
252555
69606
833175
189846
817154
298423
417671
162820
274136
140754
448136
998265
966871
950063
533390
35342
161895
814481
672930
57928
97435
246408
423410
544353
400662
731280
293074
564929
315867
410135
111635
196556
418673
308380
612542
544980
601647
271283
668782
369263
467881
483429
251271
291876
357047
972276
281495
10879
112607
927227
3463
649284
933854
8500
30525
398208
371160
838228
980306
645819
141401
320401
362219
438025
708487
295619
530358
465600
655975
29480
972995
589827
686024
900546
353276
510397
187983
681563
851523
315882
287712
978153
672038
391887
852262
474636
505217
942346
954624
416627
921649
775364
404617
597343
700656
691714
698177
591296
819602
558043
976221
377723
32539
554820
702119
460941
528379
910919
625939
713609
772711
510098
500896
222269
279700
158700
901927
880371
837650
298370
117828
663699
756996
200672
410206
66342
755960
992827
570772
879605
385639
831722
377093
857487
665866
547957
952188
466218
721686
687046
574455
976289
177494
603709
439570
276636
816868
800607
959893
57742
309508
335790
607447
42711
83741
891603
204108
902793
530773
453304
235058
898055
895176
984370
836565
956233
891748
373468
577210
725053
370788
236735
489262
242184
231206
287789
529835
752362
150891
600365
624163
681728
133739
627536
118124
317858
781971
613282
767433
254124
762780
633020
277393
626075
643465
107319
82175
375629
785597
251835
377685
555178
682870
605749
30381
268258
249642
783590
439837
82444
966524
435736
604998
864878
90267
557869
112697
475162
486200
12432
369415
547317
975713
851660
644836
56723
974271
94779
644471
904382
490088
477206
356673
705814
158242
717740
391335
406546
860789
85166
250781
91044
130092
99303
101425
874619
735976
30152
232626
81890
174432
41121
501115
518086
27192
699436
997663
678868
249149
924100
54002
866433
416251
774515
560434
556835
422203
296296
47313
258364
468893
722695
684576
824024
735502
327451
126809
198732
708773
908775
262473
244574
99999
812570
680728
958275
600885
488480
505783
26115
49368
287189
636260
271865
278729
614484
376733
689334
368726
639022
180447
532102
697268
853751
580889
702666
926774
986042
852338
733508
671336
511884
553780
227570
160842
696254
676115
955985
260908
550252
667358
870786
894435
380338
901121
961418
641637
999422
876020
216564
547078
501825
458628
682897
617104
587840
816380
356896
918776
481607
899568
287368
701763
870972
297317
899137
226037
459537
533536
984723
646769
342803
604042
131831
644210
692384
79292
937370
364004
403125
963117
486271
991072
416997
105909
304963
471363
442662
604157
330748
761770
296518
552774
239867
454731
106683
993106
739953
383411
99543
768882
67054
903512
855002
927469
296964
483034
500322
187850
786122
170267
148861
88123
576125
676791
507039
679270
18368
282786
66351
170001
885572
336861
782395
567528
548866
220501
375244
285166
679141
46296
270613
619838
172806
481332
467781
500605
591439
5678
650684
726431
672704
342364
876057
833234
742288
906592
346738
202378
846827
309825
705885
776106
257242
709735
659243
350028
814977
205363
578293
255661
492737
595833
787534
107704
691774
170395
563288
352109
275515
499779
179186
484270
976032
831228
961423
477030
883102
968749
222882
136534
155369
386676
810677
187006
76516
486363
478489
634532
824987
357114
676024
240388
546025
398761
338822
611092
206394
341599
492950
969202
975979
682924
379657
912492
528782
908111
61473
434668
282953
43509
56691
479678
242525
307471
964091
450303
498117
174158
635146
662373
505397
215742
731034
783525
680065
197244
275778
700229
757151
553365
424260
678142
793541
250685
867844
189005
948972
6377
576788
773654
207735
31945
142122
317045
779820
898341
433779
668643
721888
577811
245760
375426
453042
923603
391966
662790
729517
554055
480773
613951
506065
397073
997414
952262
444268
362955
323431
685124
641569
462878
786731
507418
747786
984063
514186
532592
3898
617292
951840
922974
222683
586111
379265
882224
941238
293516
369482
406681
831826
637085
958483
899192
860211
94056
311616
323967
660547
392169
743287
804678
244623
737217
840492
997163
643240
645931
747607
455715
272298
521815
760967
899618
692441
575205
415248
749219
757734
454591
704864
496596
916754
379347
506352
660449
378858
363948
786646
191580
527984
191596
176694
159430
425306
530600
451289
680573
676979
409824
771030
86977
306464
666201
406764
119588
305470
104729
107954
852110
779814
105022
998245
511978
405522
239932
428129
37169
304153
626353
354091
262865
179926
978343
684395
51577
538727
964325
479607
228932
246225
965170
209674
808191
380161
284839
50771
675481
728621
910256
843114
85030
283097
760863
43933
443984
541238
725996
522857
840154
842725
826701
491140
860690
42393
932654
230551
907027
603930
592462
154185
292724
854565
934262
161783
253265
129712
986966
791295
381300
938316
508733
567804
760607
438436
258932
843596
17592
59746
901240
51532
317777
972721
791635
584037
865363
658653
248406
184064
884936
691734
990517
214741
544834
364371
12543
52577
565290
858706
351864
955894
168232
200702
198356
364076
155308
91562
673939
59253
116824
360954
851636
430158
564874
550818
496023
166802
519113
195013
481650
818217
568843
629759
727343
176093
730464
136958
289889
372941
814399
366411
790242
238138
507819
407719
671434
310078
458242
247184
391630
360477
251106
85987
555890
31284
675896
526427
23020
391502
481703
173431
383063
550486
801361
86586
814928
612134
629124
416780
11057
77374
383620
401470
936872
2256
146481
641707
374515
403191
185365
803130
308730
