898536
845957
539271
423489
261619
798571
371261
425201
561106
573095
505120
142453
458157
542128
383634
644985
891888
154733
339983
536968
170815
445884
899567
127719
707463
242272
809479
142158
212656
676741
575024
770500
128174
458928
464031
472598
809335
379463
428595
936755
123919
216378
749902
625447
138879
985165
856026
358450
403556
962564
909165
453
606691
20970
915079
558936
836346
390525
860088
346922
55986
123513
285663
81302
797360
319039
301197
801615
283179
686562
196871
399672
442424
119951
940266
118306
913858
182230
424041
429667
372117
382233
192882
741071
317849
465936
403312
242390
361243
366582
730985
318906
949511
716819
602310
321259
181746
744295
814451
152064
333076
217392
32925
255764
465299
292056
903896
3515
721210
773375
835875
877280
473928
173984
478915
617981
983141
688674
547915
518133
103152
457533
524477
558545
977715
972039
18635
569173
432248
38427
788534
216318
361077
422180
970008
432411
279970
701131
568509
244421
263339
993723
834603
97021
307969
152653
169154
354528
638540
679765
421758
707785
196987
242312
938138
800515
507131
503944
348239
362601
963461
456462
555195
198429
47634
402035
35932
728993
796650
891291
301179
905045
722330
535551
680613
705613
295044
319253
10196
205070
373840
81053
951597
411174
438721
589194
6691
662757
191778
556940
82105
475195
553823
228662
814820
829616
294447
237777
463246
619258
521071
251708
364343
785470
72651
87486
844918
879782
741397
274666
712542
12763
473463
288493
136252
926303
108485
727160
576764
929162
766956
697796
173355
27359
938952
57606
455958
194699
358417
815153
638290
629689
183540
903715
419605
496404
856896
227245
451650
30298
70199
75522
118466
432858
462661
955003
965773
796106
717133
904004
471433
175047
922270
151079
350921
319209
116740
542835
56054
947778
434875
862472
687563
2996
71167
405314
180922
747436
911679
89600
120364
389375
930031
404880
856614
965215
728637
445816
143175
798649
65243
85603
773165
313711
315835
362471
213368
996845
629273
274863
641702
887914
980977
33674
24990
519357
765458
589775
50184
492697
269131
773418
590233
933095
824065
250504
610668
603263
818146
922779
441740
194946
356404
758282
541838
616598
118663
139385
884315
875519
40137
242288
319436
891351
808504
523946
150958
570090
968626
58108
869476
322928
714216
622048
998764
380711
132593
799838
711226
841229
506235
701270
864896
452919
492124
674220
873167
138193
798342
535824
448023
710579
388569
973672
329546
687387
80339
959709
994015
872717
866083
420095
786547
747652
295643
210070
204042
365459
656259
875270
923506
879581
894281
236062
56136
32749
2774
928893
555732
51
498301
347233
881168
43548
388045
861709
35846
88909
527302
173975
340823
20219
479528
705547
106135
691049
910822
137983
114326
616831
134394
69749
140026
574276
410002
961574
798920
393657
709224
334385
584769
792145
492847
218784
993705
479632
987241
934738
174947
452094
535957
288779
423223
57224
105286
7765
352630
845236
615503
213136
610229
59647
702299
4445
654645
551509
804057
277411
995555
931245
955092
961212
111034
669822
786848
108928
22534
589409
838960
647020
172292
623492
71237
232046
626278
988488
194177
748175
253170
269945
465306
209661
474250
310119
290922
705012
439686
262501
434146
257481
637949
587229
504287
303059
959011
535374
372949
137462
979532
307364
484264
83661
685007
214387
757465
430707
673542
732559
832989
689518
899377
915018
656778
596409
847482
408843
96298
550829
840915
523911
160178
602507
126523
4191
139981
511912
965728
78742
51665
854262
103327
791085
59027
896875
146087
166302
539477
101775
613179
73137
249246
635623
960342
258493
847523
523769
340840
728767
860577
22716
406399
514640
43276
381534
326273
287302
412513
510833
823509
288362
458072
990643
516386
359057
617589
427960
535407
323673
822270
686966
248618
539265
852167
781613
8836
965606
972073
516849
477241
21974
771857
343765
714989
840019
557748
787894
323826
376486
408864
471457
423206
337500
102318
951522
600314
954530
11540
691434
348301
232248
707095
689052
271926
250517
715165
848820
284321
114328
844384
9300
500880
510630
208319
500397
658819
470628
705007
913094
438003
894738
932686
587372
505144
489794
133080
986423
347530
557172
967346
28532
78372
879248
902308
429748
972548
756416
241700
321072
732687
474535
550413
681623
837586
829313
68463
672886
758116
362968
607743
535171
898663
188640
575087
630470
974061
765808
663897
454117
176439
767965
71956
557450
348824
822773
436329
111219
34296
742741
658208
367574
482804
870056
143667
58350
471331
364348
461988
980710
995444
340290
391594
179681
909875
492194
163271
417636
940010
275961
240693
347873
624868
211056
571710
809313
368717
583098
725227
119244
456757
313833
788500
128792
952627
463534
385559
909708
102630
993579
888676
702768
714967
138935
775988
424083
734202
439469
99929
445944
906899
732721
970289
816222
925238
625217
530164
808043
227046
37683
991469
924340
146719
625425
106182
910956
457520
836749
984955
363110
994175
706786
457777
230664
459377
329290
756255
958414
710369
478550
211306
503608
236045
47405
175631
591506
137872
386723
831930
139742
93513
979957
808371
577375
437787
577119
3128
325316
546254
313882
398885
498992
278228
659253
980944
627682
322789
336847
93041
758534
906507
117935
871550
514839
724666
851520
744725
832175
551575
656428
996371
531372
387929
845331
257346
221377
476237
404456
466798
499542
257459
178344
517976
460253
918534
589624
589316
822707
404825
305179
860269
662830
896093
910733
603033
196937
8447
841086
169799
774761
576942
343790
353668
451659
209146
502881
563677
845005
502360
232512
875502
70357
554690
616204
429401
595106
552251
154559
322259
893485
166192
189825
284056
447035
594618
918467
534718
49410
497281
143612
985831
28533
5050
858622
96145
221294
281680
534388
312392
986808
285473
529083
235195
150198
747359
422361
646315
727986
535447
144030
76735
566598
401806
497878
672885
884257
408263
814567
369203
769783
684130
122510
644603
483591
856991
647088
626557
112650
645503
971487
306183
230197
748747
231980
83288
853099
606638
727652
865746
300355
934013
64360
240909
192305
599064
872941
155080
237715
476008
81932
626042
223450
19783
7942
206343
959763
853504
900952
232590
926097
928939
742199
323551
2041
133243
546985
186826
114730
918163
710720
676626
254023
169106
216371
41217
583266
979056
423898
507541
771398
903616
268422
295640
520097
578965
63226
368781
403532
638977
247306
156422
170297
266617
993807
133459
841848
737300
936260
554836
38949
795122
879873
828976
235314
993529
559505
24606
779085
406587
670130
595552
758829
862131
820072
580112
225918
874094
577662
993683
858471
109191
898970
474154
170036
865931
1212
377511
425509
875003
908243
761404
702034
297327
19580
387823
58105
286167
38360
966826
511206
335965
877704
263598
346238
358119
4936
266728
486183
427704
427621
872668
532759
460726
948892
337598
130872
218566
591889
708639
445173
828243
416232
903044
836260
425134
478020
95443
971344
693711
244250
236007
306210
887226
495665
608322
561003
286653
963704
221026
414416
943446
431363
990508
91154
409521
59812
509573
876600
927822
221730
731904
439900
468801
993049
30321
487504
452051
282797
938464
701803
861510
120940
98650
773107
761910
532352
153441
109096
123355
785549
676035
810155
817515
173997
478664
978633
483932
232517
326980
896360
180999
312772
848973
253517
455784
174264
181063
617608
50434
466892
21403
301309
773344
325538
579014
398223
321974
901001
53966
866858
997285
128987
928591
725101
666909
756982
197107
99315
134109
165589
891968
31869
419350
914762
290250
155837
586733
10330
371466
197121
206815
320885
161415
252859
614912
215312
646449
556777
606364
738081
169677
96357
304766
129590
60681
292427
328910
83187
457329
945282
366805
948454
723578
670505
522269
792136
534332
976608
207732
834579
156093
144688
512079
371771
724072
930264
33674
620490
54237
679221
863565
821723
586146
871437
253131
591090
355319
953528
230244
804855
726470
113387
229226
993101
670201
316898
221761
867539
78630
902825
744480
799991
662118
273160
372084
673586
762115
702217
249443
981348
408271
438055
570861
348428
554065
292757
494447
45091
286491
398887
292866
552406
217911
755617
236544
848159
668031
317531
711015
476287
852044
354189
841429
57370
290567
147773
782451
406382
264411
520706
332399
500209
985355
671156
616737
809863
941535
299058
41999
675933
916218
422735
693068
244389
299463
868377
648443
571758
891154
545608
672561
624543
625971
940160
654584
604175
211940
983747
220016
270660
871412
604790
913617
592327
232276
907342
773771
227936
6543
365527
923918
983348
473239
589921
706277
612855
337082
646151
369213
117583
231284
10013
762180
411271
616413
560565
105197
454636
692355
776078
131152
771912
570002
576026
95725
188152
465456
497643
883729
588076
747814
831097
119569
441083
214904
587666
888819
424353
323477
26911
467949
796054
521961
71694
897925
519307
19024
522401
516055
480516
664998
664979
471349
588044
436602
754658
665256
177882
865825
414206
365845
467263
961382
400268
36859
278856
790815
618455
698201
818230
458587
432724
387693
617879
288631
165904
455830
353856
637136
898296
496091
860586
1298
951748
808964
23143
326959
292994
184998
380351
92524
589499
986365
474731
39061
19139
501233
809325
340625
896034
228347
438666
96720
120346
421857
908965
177760
451989
950621
315514
89887
803053
272988
880627
739979
252183
480226
27754
65141
633069
708170
785020
191829
570326
369515
952838
472630
827860
769239
911103
740754
117161
187133
69554
514744
694311
683374
127830
748329
518099
426876
655307
113347
944565
372223
858484
917717
45695
955569
141995
710033
703383
52473
834661
190303
581315
704325
745316
321934
454576
824848
991379
970789
650911
956163
161217
112344
811757
922871
470717
753046
78845
916953
464266
827263
158212
580583
837887
324979
616688
61015
750462
157510
825462
565142
464782
885071
935927
938157
454616
748448
418510
929280
653627
694224
605624
89073
310924
400627
566112
355937
359085
36651
244231
674775
728648
611160
568461
386937
858281
412523
489758
508982
580086
983640
170172
415174
249163
867370
340580
420809
733942
832880
358176
937228
328588
409813
646121
179499
602534
553613
997110
823056
34939
473003
167077
829209
585115
625936
897477
707480
705990
541311
322558
284148
477095
9099
145885
89132
524144
808625
62656
584380
453907
392834
983194
735768
610330
399033
270308
298389
514403
35499
730593
925927
5820
101020
778060
944133
641559
232237
270111
441065
463402
546611
710722
371443
139494
555556
401807
668845
560529
365355
57022
204521
1986
280731
589618
580487
522872
564287
221599
800979
104664
372560
391830
561867
310210
233984
546414
449022
399759
87027
780369
439823
703016
31053
385056
691929
932422
135846
828548
410796
387201
895642
374674
599350
907543
518270
593178
939838
73660
775789
844364
88649
183000
164352
501448
434591
469090
251356
197441
943527
325463
784100
456140
826223
610326
390095
484299
60680
240795
705301
657520
721870
662358
376196
13552
860678
665063
492911
946183
818464
188537
560133
222369
871259
472376
494271
308396
832263
708848
913011
455672
954342
503939
492934
985415
143660
391815
762687
671095
287142
388474
732406
8521
691511
974434
934763
600525
571965
850246
892786
88684
621457
384514
166732
613073
835309
593739
193874
942005
29097
66560
806922
261191
467934
459304
272284
4276
886187
357070
583518
160024
683030
578358
510476
503425
249162
863611
746643
515547
140350
336198
834444
881406
334071
373101
590406
763025
779876
7974
571964
533785
921510
152166
417382
593378
13683
10266
284011
401096
861776
867777
609523
850466
425275
464420
706907
524300
780011
952883
579266
363344
517295
933310
212672
942129
471283
983180
939127
453715
674722
977051
833921
789130
738789
694901
712201
636989
908425
355052
779765
346038
483774
731890
998913
691658
712059
646551
251559
276000
784255
832415
504634
789151
16947
161919
112339
611000
146604
334580
790626
444877
284300
286209
96614
881596
570055
910147
834103
104717
182211
127346
889792
820404
248729
46454
897163
185282
708473
862755
782837
173038
223594
373587
423360
772796
137582
285151
507719
123080
492483
494714
861452
680945
517702
567081
577197
346149
318579
650531
958262
32900
83719
714113
733648
805875
854982
132769
591894
152960
350681
587805
563720
30957
165967
443491
723864
234139
317252
56305
187362
573333
716319
287792
181241
345909
991669
930922
828444
778614
152267
181224
672264
472088
750520
28076
882087
522666
827753
207623
691046
608567
521471
878297
439140
385743
215635
565475
269510
436977
306969
275466
221159
121554
959010
619819
63085
279436
384955
71957
147959
599526
283379
517479
456818
330620
524410
607495
10059
811211
850405
663228
288191
993563
986190
9705
714253
846665
855961
365671
422797
547696
59857
995261
718363
793524
854512
988863
513707
528810
711421
262592
615680
75111
728080
641077
721592
629412
882545
621543
64383
628171
667615
344852
667492
320928
425251
688520
577167
381317
547331
946546
181710
492560
84895
774976
136558
310190
412991
152313
40132
227872
367806
723517
853614
460613
377124
621661
877060
562689
588512
975367
71517
47546
626467
610266
845627
745148
574875
398104
31188
774397
618442
105657
751806
409786
377923
515868
536694
86271
674305
823961
289100
64390
202340
633266
373231
998263
247881
651111
208977
206158
744900
432168
519926
963099
582205
594021
643678
194466
837092
759362
111885
852514
212562
351526
320628
431923
276413
973427
841213
948936
398872
852432
567416
5781
325317
608417
170909
380938
339768
115352
359421
809341
931113
300197
13834
217701
86645
723913
554239
370114
559890
273480
553069
712155
548461
403261
575204
340511
291682
446471
995642
302381
936407
20321
823227
609967
243062
943440
128173
581537
147397
27765
881214
176560
677091
938754
456460
420989
298337
942217
775569
290176
570042
648560
10474
893449
999345
427905
632642
943138
655878
793822
731359
812753
141268
476050
575433
764922
663818
714114
650514
441760
528899
656130
969415
567052
869957
775172
220017
245510
235667
453867
144136
869184
768751
499197
88309
457363
513456
937591
673538
166881
451899
659067
169569
412953
920481
727845
832982
295128
546197
927227
169345
260717
638280
173250
277964
474101
556195
230125
120941
98725
154208
142577
518552
333350
293830
28916
10245
750107
817215
47331
955609
311422
519831
564579
796020
979176
617683
237599
186134
424815
585068
7680
191982
137897
354599
375611
340289
532879
776786
415811
636787
723197
598172
490464
591926
167254
702802
142936
225676
80261
149618
671753
785850
628830
692398
132952
711819
257506
360318
683460
902717
741666
687394
684948
92429
968954
818995
473519
237594
109503
667685
185290
106616
499507
606172
488251
161876
46389
304295
609197
111359
985014
877277
762348
807513
742885
225170
948768
477019
11309
13814
953111
65536
599060
369163
249659
548305
515972
788674
563747
100044
437031
11505
954692
689392
742763
205554
147080
698152
562789
830490
780535
190097
605329
379092
18
729258
617080
843226
194943
746647
418666
164431
707677
329234
469739
44156
176825
555055
294058
876710
10138
306569
498092
570888
876599
724110
218184
610099
66313
531429
289355
421374
201595
895735
35771
491435
364605
271009
107449
793239
896695
146676
690624
839901
676315
300071
737994
233801
635539
249818
16081
347188
186586
517575
3506
356737
753574
847943
232046
59122
890371
954175
604555
982760
776891
855205
201496
772021
323249
780914
416909
315807
874702
811622
939472
611572
423314
789875
959636
217925
848972
828935
755612
894272
29861
824505
921310
161774
368278
130575
294530
908997
919674
164714
437577
659883
889022
265935
357067
644424
346676
421842
134425
704966
920327
292897
718785
983400
623881
889130
560495
221060
824488
497130
766128
591070
405760
797715
363410
159779
521034
384793
390632
464191
741425
705114
773866
848283
143429
692200
563385
426678
495240
479924
306495
722527
581926
448920
395253
162444
518083
397888
551742
261658
32172
386422
985713
11746
866863
683914
793716
573940
418566
460570
986499
995315
301934
938499
532048
287565
383446
54948
237381
920405
849267
857100
929957
181374
238640
320448
675920
599862
36995
428650
36581
733084
806299
277792
198017
915872
772661
985552
241062
541686
933710
231750
898552
365879
645939
823962
652192
659732
979060
7865
294291
73335
74551
653006
542509
818168
719848
987660
901815
978808
590670
112347
380936
229278
342393
776220
846023
360748
186839
640731
833614
466877
536423
180688
28842
107677
515717
698194
751679
303109
320547
990553
166473
431281
799448
930862
299965
818656
826578
412465
980621
391080
397480
731014
593739
291507
253706
484702
534757
826905
587866
519645
141838
215644
193875
28333
28606
875962
133543
518239
796175
398131
651240
184313
127368
630807
29020
23648
602167
795914
202355
229859
314679
477016
736916
84385
920274
726831
370451
886361
768575
484157
618367
299532
653644
152423
941849
478609
631831
418
942047
45557
919990
785074
974341
112332
393910
34173
50629
56985
107521
94155
818574
40853
590041
270493
482136
799520
194177
200487
549399
389057
181178
372714
869837
878171
280106
503282
359802
655407
113242
317801
848047
393096
712470
770007
946049
691527
501367
117559
245784
45003
492413
454263
227559
654460
593558
39883
686774
292597
206268
301870
209882
561740
163706
626742
804231
714943
673230
173906
331708
424956
867242
133091
587804
644492
235541
46325
293661
928798
38383
870745
877081
170220
919377
710560
332034
249484
636306
834102
902451
706453
479207
597016
396513
435180
436514
227443
809008
324906
476187
894875
96098
90667
980460
560420
530346
352630
474581
604513
572831
487172
556352
950071
944908
636399
799200
849308
569444
230648
743410
861106
99602
82037
640742
56570
502895
608917
535383
314934
225549
635026
901940
690784
163632
973362
539715
763584
987740
914105
455036
757486
776842
543534
453457
908260
306676
221768
425293
360063
30927
226549
515610
833106
319001
342088
522909
404839
652872
422589
692348
931539
641826
460713
375167
742069
876715
200451
31700
321611
257784
535624
406829
154160
474338
352720
934916
628470
512982
372523
640382
138076
93258
396407
338989
431660
377546
155906
408880
393396
161008
253590
114613
905630
543986
328165
691871
217838
98261
511314
798210
814040
362944
978202
430987
392252
864491
168605
13309
286143
357238
513037
989910
359431
272854
911346
201040
870291
304746
34583
620227
93876
134252
624404
821608
134187
813955
547833
85688
723425
862644
787988
550386
178429
201593
409632
959356
168357
73194
2378
36065
711317
142232
929056
5881
907221
821689
195417
338534
60634
349821
823675
637370
919099
185535
821805
716598
973198
134999
51929
164718
398815
574028
536637
200136
705804
330087
583823
3939
27264
72354
476171
285716
533450
143807
351258
813899
155993
447158
373856
40788
163542
817606
491746
495033
859614
772205
227603
183749
124891
563443
901306
173284
631806
395808
643393
5287
226587
640781
481243
715683
1376
454680
710099
107321
824819
856881
13678
452400
921704
708433
899325
284733
652508
762507
701889
456165
317745
679099
906554
599609
18341
688218
654478
771392
389329
507572
982867
130035
65276
801712
923385
831010
78298
478734
788311
559604
624548
856816
608720
96843
704533
249359
548897
427270
918654
707470
744523
215584
706118
93739
160535
755574
785026
858450
955083
40997
163501
683980
399143
519121
251012
395988
615644
944131
911361
740554
160330
175018
346737
475841
69876
250818
646260
929843
951875
376594
2513
671956
253171
963855
127347
309827
921630
162078
662340
31581
850659
526327
921381
61292
121203
638245
751623
470013
164216
19946
391017
762703
719522
210815
69230
611175
218319
103736
715098
440961
488341
722694
867369
94113
797871
595351
818188
120967
725955
361880
475713
722240
878924
82778
447437
938393
805545
77266
643417
683311
972353
314491
426471
79074
267793
427286
190127
348200
433427
240977
154138
883965
333004
412230
315738
258168
712499
547610
772964
679161
911929
994246
130443
473535
950777
178098
944442
667350
176766
535997
788110
965293
626987
150425
137230
916998
173771
36884
644808
198982
474614
520625
739017
734892
288028
768117
447416
517919
316081
497469
935247
174367
817525
548108
116727
978142
935391
453091
576128
931304
295333
123721
412794
224572
197419
354794
353010
760639
868165
435228
229068
90438
876139
786300
521210
773073
761144
151607
211606
960024
400734
74021
666914
462461
881835
251663
606169
819936
9328
316369
882737
471633
456019
492251
680688
16160
540723
264401
745576
478993
630707
880979
195345
647724
656742
262935
223937
846192
49109
34481
533322
26919
597231
428340
916272
965205
712910
585523
881605
734602
773154
896736
425763
810007
33660
511638
713990
842973
970169
778994
465156
916929
697929
728668
307881
63739
406043
886756
443827
344526
799143
484807
533862
481426
425431
401808
950989
551341
929107
579483
554639
490784
197479
767989
83562
681341
155795
968735
91150
415223
414000
47473
474200
534482
982650
675804
236393
263865
718462
605640
407075
184686
161249
840796
874624
232860
385866
518491
371854
689672
548461
151083
567435
904678
140277
227570
863577
363528
773581
971929
247198
929649
969932
685554
222202
476488
375931
726454
957734
820328
585667
809895
309350
698772
282040
52948
64170
217416
638076
961659
789447
517866
700625
744136
335053
860703
791743
863996
332740
718075
912414
444137
413896
921104
564481
77402
599614
174119
46271
874767
881586
449229
620191
668005
981263
549380
907679
345108
52153
525595
687393
988819
585419
830424
370483
459990
417320
531025
337593
30967
342464
676570
582458
223859
913889
166680
262723
241419
167415
507572
706811
184842
598626
904364
139461
560102
202994
870147
230219
125568
139330
34840
207534
912646
983854
367893
849863
135928
651378
535742
804632
708359
44768
823593
156308
189081
641853
998669
813703
329066
312953
788082
592355
139596
254602
421000
695465
900047
311780
661076
39280
439099
756183
387333
355285
840570
239940
992549
835392
269139
846461
916395
706510
269905
399225
105325
988320
636418
572592
317234
944384
106075
517913
497317
273579
287865
612286
491046
464831
186050
105720
245883
986306
996074
590349
407588
286412
496594
975202
812492
234451
338762
521118
952027
551633
154103
938334
954729
17428
199440
266830
946508
209377
583042
585258
747986
697414
611444
190289
835338
888315
276388
876931
565885
670516
997232
419127
930618
549190
965297
211804
545039
100915
235138
39146
788564
856916
827358
474659
156897
513506
760615
371243
690399
720032
759235
658177
469116
64617
837537
187865
478392
981393
508122
741016
470493
353787
666354
36075
971787
260919
452669
135172
861233
148181
825502
984179
943448
736267
781163
615453
614617
454398
229484
403611
829935
880240
254147
354609
927015
966215
373029
323049
765556
698038
975494
193995
909663
529930
29523
719164
372635
645715
256537
973937
67766
653613
692291
802190
172652
896810
788800
669983
305046
464734
601859
244785
124096
452550
281188
53518
389143
840789
184164
136660
835457
449245
684046
449201
122951
57494
402296
211261
853805
806223
80873
575476
704611
227694
171412
231695
598484
209829
647043
429757
103899
836339
983375
850371
932053
212756
476427
100525
156369
141575
879809
595184
67556
772858
897108
485278
148762
179667
188869
503812
380423
438365
879824
131491
381947
523661
301494
485513
265171
852977
242774
276044
996972
724916
377717
603811
289843
385744
938653
67169
156376
955216
92961
610447
468641
60033
710846
776036
879259
591349
741980
452963
549035
263667
529268
697298
147266
909950
687565
671186
504303
249216
39199
742048
962958
846547
373784
20007
493982
767917
222588
772927
3568
617765
196647
54406
583484
596518
50606
411289
17230
942383
181988
100784
287005
306500
93496
697619
157180
370548
439228
126461
113578
740552
919680
787916
276292
383173
179293
959521
835738
434654
608846
33818
685534
494906
383480
559913
828088
431645
215946
252369
415095
871605
727615
155965
508067
503364
435776
775165
715886
146148
761639
764509
927177
123900
967519
144868
546706
355198
520615
258726
744234
297882
679861
722822
487077
726722
752567
202124
765339
758363
879668
27679
963035
895293
502225
401631
662079
124391
874992
207457
167387
890626
719091
14088
166735
725520
87006
274044
597052
235761
405403
903242
14803
215954
721622
269464
187977
391410
636169
194819
966759
22866
700946
528343
277501
440889
720959
229930
691895
526881
88044
666453
285191
117378
716804
253072
249346
50168
109475
459881
208647
32147
169692
519201
511577
920955
13142
758627
563726
25982
770193
434658
653153
996216
843399
645774
455202
637022
98669
398066
819020
204711
385368
350189
803191
193687
606269
706123
278052
805288
544401
550911
90422
125208
100367
505919
53440
531018
392664
533948
29177
755225
89972
315069
986764
320832
107254
509335
143820
830559
893438
649483
416261
137067
807064
686140
574830
657653
992450
901131
473018
598037
626187
155217
650189
477811
47767
420984
545292
814641
613503
367734
134221
392120
180565
649703
724078
175582
450117
564038
129153
859953
367127
138249
94693
14819
402832
824854
389808
468690
164536
236965
965064
425586
260727
261299
185937
699417
260825
39455
488896
687206
107441
233574
653326
211919
508953
349174
323913
579270
252631
715632
337092
473864
234331
685887
746799
217154
267109
156240
386369
195040
228547
881069
850001
870963
849400
601018
813829
61437
408568
665482
706337
263260
21392
63710
723329
17809
506979
43836
128738
8941
711119
284905
770266
506071
561071
939523
98280
731260
594489
681533
55718
69459
928902
909175
670747
255692
45554
437945
136365
590740
915353
601676
344947
755463
112578
109109
313449
76467
887128
557967
870461
747781
720403
676548
892230
359187
815414
264359
19796
658757
719281
891569
907426
498272
639142
258519
643880
654577
290313
261316
941581
859218
744096
870904
709306
962012
949674
800636
325322
730729
874460
846337
282141
358532
334534
889941
848204
81136
73492
570177
314678
345042
44529
984385
792377
471291
910790
341408
797629
128918
993440
741872
897130
818795
42288
612195
727545
51661
874348
212938
156072
398502
56914
298535
66887
853789
70540
580976
329584
201377
573679
355811
946452
480917
536925
72768
239536
327000
903947
668520
501470
305519
650141
691408
373511
718034
556141
245410
990006
871824
981355
94832
760584
765151
151774
923925
874560
279236
953609
63914
144183
421531
491561
753058
546096
408900
914970
345603
32009
582122
245208
903617
161870
76017
929955
251513
327592
711356
521981
695559
676915
201432
695501
338884
242221
362120
619430
937055
799177
771757
339873
347927
913892
804114
350502
690450
489935
369106
664650
990237
829642
952934
800018
26113
989522
674703
538070
504254
700818
902684
260353
98471
672885
363353
818101
664665
295579
339028
833547
256409
204265
383309
62392
179081
543483
430137
234763
605511
224565
851699
166610
846627
998199
990016
872349
506810
834606
942077
565082
508275
394055
179815
829151
886230
54079
396039
366535
224836
406614
589304
843827
919959
199715
863318
125810
535255
751424
522117
801723
309589
162405
634203
487319
109928
903314
2859
286108
977025
224358
836079
674579
593325
338893
483217
797691
353960
762199
650134
236135
875864
773987
134695
244226
315949
897530
272254
985843
93778
986296
35946
835035
852112
726180
598334
961595
862976
509153
467100
991987
394539
821502
743513
164709
47488
112872
316493
628856
769904
683839
682682
171513
306154
471429
314263
372123
395886
802739
488312
795679
217424
241702
848987
793103
570123
643894
9681
922788
624512
23592
754310
425223
317386
601337
588208
482036
291774
520346
174928
698555
770628
785852
805224
560225
541388
396737
715898
809187
251824
15890
643384
139098
494885
420302
639053
800378
39132
327327
995142
675252
727291
102825
442527
970556
609075
613212
26790
27620
702141
462569
830158
825127
463030
401362
929491
150339
627413
396377
428676
762237
61381
87066
354034
312264
119715
949173
621235
601280
438166
337507
836051
581777
260997
815082
302168
210805
735289
264427
572017
997146
467921
60825
467515
17825
713372
793796
452527
426819
173975
242131
652202
33230
11522
583376
398106
641293
405537
75102
361154
636806
521804
744389
204331
491421
263283
581998
895400
635478
492018
221226
418180
382456
293901
134188
548682
284300
561352
35095
923056
944517
755878
234290
914208
32761
8316
406073
284452
734029
205104
313101
413358
403888
235347
279179
567170
184190
57369
330041
498049
263812
939633
479389
