5412
358993
383876
336332
881789
393732
516123
775596
834404
117915
700899
693771
649408
429546
91105
84423
651299
580348
435036
673249
60736
413596
45534
544161
289339
649280
220887
901639
258713
915923
34529
276329
394071
211165
254943
152494
816406
245201
916286
613989
997235
262132
332829
702595
472885
408933
592329
904887
532512
740173
463585
952812
997798
893987
945113
988826
961213
960924
40473
926601
128332
956206
859781
435364
749630
942912
118488
258038
991865
533296
775913
124995
524073
515456
188368
519493
735990
823774
376802
326722
710292
818638
824983
401158
298168
543286
115341
690499
896872
268293
314853
882689
733803
752513
978635
689283
203936
671085
125844
633912
924011
793299
591680
65691
458
181299
252190
696360
214405
1224
743183
409786
334596
775731
218530
9734
548922
433863
270623
998446
499135
61296
623584
374787
930556
38016
53080
850394
451456
776664
846903
470217
271343
858671
190310
952383
311769
612290
886061
101245
859369
135896
282933
739381
645748
677361
871
946493
595505
360906
50802
753840
508744
479760
719596
267553
418755
901215
806224
199997
798113
859381
496294
52796
147785
271608
416896
236228
47068
807072
407968
269082
293539
725762
476023
695301
162279
120634
614216
983937
104096
558837
794923
876445
183173
113240
786286
280690
706498
423569
695702
126336
407240
523512
228035
459046
141182
351777
429553
282045
470101
819329
658843
65938
997113
523385
361146
152319
67619
41092
921258
639973
53451
528570
243182
880136
207867
843710
102154
670535
437951
154315
48846
613942
811513
605845
331699
386522
8273
573855
923998
761344
191753
531545
586113
16186
442350
678899
22241
452023
635562
636802
25074
387902
970359
880973
621470
837063
401838
596854
429668
445494
835133
196992
270621
744437
622007
751169
46107
856172
108102
570533
317290
201376
991419
273692
520504
132517
114566
143585
600465
60801
240129
92648
250434
546527
127270
938340
72351
786989
188385
554482
877089
635091
119105
845733
95079
885199
888776
880879
856285
982961
930145
444328
475962
111920
692657
126782
280355
670504
350726
36282
540717
80945
502316
166762
289984
624925
705566
319345
886871
78925
860186
791911
902755
125552
881293
251502
393231
503962
789358
492754
244447
686525
426279
286620
370609
202694
416685
202164
903782
418710
580849
917552
43482
480603
472174
799165
511822
59915
280739
569448
697255
354173
576795
343754
825039
999972
950567
572686
991738
736680
903406
919264
571395
985570
372059
841972
209460
629428
210292
605680
495781
168067
1483
477624
136763
144147
882381
262420
817490
761021
109687
101823
921397
167311
770985
792782
507466
477696
341267
802810
113419
385102
397004
417037
797487
552438
629953
543205
661927
945040
567946
377576
513860
880324
939416
583045
371573
641389
698763
334498
275822
982728
576416
987496
168229
379416
607623
156391
438
907354
664275
886374
730471
282080
662283
698507
981189
113037
827421
626339
848557
497708
942770
568207
423335
101165
360029
900620
817388
784508
898925
850141
692744
200447
734177
539671
345818
803693
14907
877897
423545
326406
422829
224389
88561
701042
932144
680271
970027
492474
486004
550882
133546
501341
86322
740441
921969
392528
484125
618433
132099
34646
711350
437944
604098
732023
391551
910785
377529
976160
186375
180840
673653
943510
483940
820876
758094
871576
932031
353486
901827
407953
114313
663509
971075
134711
246412
320443
534280
656771
967644
554839
317470
499981
180716
119591
73602
232131
680508
254810
941029
629702
622576
331896
20752
449057
467261
819055
111073
768102
310588
838267
480115
521831
686625
3568
201372
796622
939013
662567
611664
349210
837023
102915
163554
914294
997457
480351
946539
644791
299230
582166
429827
489394
290682
397614
464172
986872
564282
325665
5007
422896
336299
912970
478046
725583
118078
351977
949656
324342
447392
995347
480171
262375
405672
628281
796851
207013
268010
381586
6688
897960
753257
147176
454007
673082
160233
7868
976559
117617
987553
912407
441467
897737
209487
890991
49191
749342
92774
618162
778588
498882
280867
245106
765182
35137
880702
382252
564596
537391
65659
48310
392775
539881
173279
495429
916323
766065
373184
867864
508220
927008
817526
569029
202762
41543
705709
423390
717812
257062
921180
823232
574411
350024
138768
479031
961837
782585
597922
574033
859274
822054
856647
345918
114371
281039
614918
461920
791022
795371
920900
956725
879222
543960
897659
784478
692192
161340
885449
583628
274088
594302
234085
323078
170249
362651
88748
938457
149660
483493
398042
670812
795608
406558
223252
366558
245560
216237
615009
25327
445306
165563
890041
441928
915523
901677
225270
563351
621600
610046
684263
976235
250727
792696
738564
791225
735804
966478
864763
142537
436591
939481
565737
340544
991299
132205
462116
688330
669002
697560
99061
465891
49067
43190
117283
247619
54598
745140
743466
603108
451566
222175
150987
62193
369941
743400
228733
507021
322437
345334
346689
380
128970
589864
393555
8178
4014
899686
61308
558582
79516
756642
479812
928499
174438
186417
27397
338779
613346
692224
857755
792120
646191
182708
821112
573649
571797
372514
756628
109237
723723
177000
643265
91687
598226
734694
955868
119974
970238
987741
405472
37463
472660
210530
172372
740305
934543
805054
847461
724677
976445
214181
673870
97416
262279
842001
483507
498175
398477
560315
541518
432998
7727
594486
422080
374076
775401
227944
925897
570319
318614
90661
941459
294495
990933
800489
947625
715314
697609
251314
4421
112756
577786
767864
960262
60680
738649
283978
951488
864943
123424
938567
908525
197651
783000
45173
293826
673393
440500
95233
21021
254882
881371
561748
670170
767300
673219
530765
989637
664457
52857
839073
931497
732764
769661
494477
962631
716651
85257
971187
292643
485973
687346
300824
678264
777970
750760
436793
443595
437177
172376
588997
138333
851666
400368
153596
837241
891577
496450
589346
307694
376267
220930
977503
443479
491185
419626
906550
263254
283302
788796
77728
513951
852134
280999
243653
422256
891701
990787
181270
832798
401929
478967
586441
987659
179348
365818
735410
727924
307698
484022
305147
532199
901164
134344
786048
200722
99687
395108
174153
721269
45484
569046
480805
189305
343957
832931
231519
202075
755984
337294
41760
582721
72595
202550
555745
480237
783516
994909
56202
13647
154916
524675
432492
385332
77408
675057
769048
62173
599282
390161
432026
228843
690227
368058
858389
189493
786517
144010
630972
788732
225529
717421
263082
26806
337868
7226
832351
163910
165598
895932
550424
170061
711361
709069
275786
568282
171354
483934
840890
625213
956615
509140
169596
130041
737389
673741
961862
92951
384540
894208
201200
169559
432353
481603
152522
977282
224745
206821
365402
832219
657933
323259
124080
93939
703422
442232
141480
421340
563150
280182
861756
687221
474201
225233
674627
619108
905614
723442
543818
476963
616030
779818
233741
666161
923647
212916
878611
980648
658077
642333
388707
663663
490590
699583
983270
660741
575376
139113
310106
418814
481330
497946
72944
763147
658332
710380
977988
990769
188107
780302
846391
693404
408013
588330
436010
856205
104965
11941
105816
885614
744924
932484
78224
83910
955268
278060
959566
513735
650410
467074
139381
371397
44472
785713
140908
688321
97156
860169
917458
582500
765592
904069
908255
73991
754462
305637
562072
524527
443176
744250
657902
498006
260122
741120
3252
707236
375413
908197
492284
342845
964480
916776
301837
143219
122837
371933
420994
662812
796421
271884
702658
85183
145449
958201
817687
783592
198086
775359
819949
483483
360284
345174
206506
900965
74891
450420
629540
935502
42594
72463
813251
845994
540614
854591
120820
461902
539772
293442
928007
381024
747411
499290
599015
931272
687089
431569
784307
743299
172536
325084
444413
324502
305236
21789
504734
378463
204900
301891
197875
570950
475458
575693
115513
147475
107121
707179
975617
177882
674850
392005
591887
635537
279587
129749
80149
567682
739045
914671
222279
44955
273896
395681
79003
686051
647429
479477
456671
683975
932183
459539
523766
250067
743047
792643
244656
513276
903411
503697
968453
747545
374075
820809
56686
555250
580007
170786
33889
420657
325816
135735
70439
853685
392586
268336
323547
903750
748194
562047
921217
585443
997466
573511
238016
760438
561638
215511
341373
392617
478786
706771
13462
165649
261818
319091
411832
285064
252181
324389
698334
581850
799263
4174
738343
154710
676434
212910
156305
13380
206816
596322
351832
82421
284576
782274
530149
178677
357842
141354
686517
821853
448017
15574
703879
507077
778068
833191
401281
685399
336032
21698
840864
833536
105166
213912
674778
569919
935924
668608
939859
881311
415347
855935
399543
736002
255133
666218
71098
54867
719680
12323
301162
252701
305300
588479
633901
917882
264573
971144
15901
604067
301884
796382
830716
813287
79736
370424
562198
665911
429669
460424
236210
106077
287951
376765
221044
605517
679109
541666
765778
156436
846628
346723
912689
997549
227711
8880
564187
411891
678184
516282
727263
233392
792990
32859
921798
1427
165074
677650
264429
135552
993944
113324
401860
400194
233639
956990
651938
526940
762828
484302
488706
3837
289522
551825
995998
262609
871622
350479
427558
436724
353098
414627
875741
294401
152760
987806
429073
946057
899856
246731
302197
987359
68800
424206
861276
455697
852592
377958
764948
220081
507431
431377
616797
802129
173085
647631
376965
379916
707677
887614
727393
245377
972054
599268
412585
51547
504320
670156
147889
663692
632742
252039
16512
255576
617299
360532
127631
159117
326813
424154
195167
999121
432073
78737
741431
746132
322777
905089
747513
947300
799673
937763
227168
618975
488322
674083
730905
23682
163816
994375
601466
408288
592775
356201
390691
554543
424965
733088
149104
839229
83427
993149
784856
83008
142053
471089
981477
205130
808860
395276
357392
232603
671053
414496
679864
846032
223936
434436
170751
41914
606054
824948
80386
132234
247911
15126
43890
735528
743304
548248
689875
896930
668662
651828
740561
189057
581809
772629
573690
732088
329368
518420
101213
34934
98957
349083
201340
118299
631300
279914
907440
36422
247533
843192
444826
635853
373372
437553
785153
420550
829905
232478
265613
337090
796361
700835
331807
144666
361761
730913
515019
50529
173826
862140
618675
261112
995885
253366
650881
52289
34819
947706
866816
170156
363570
658101
398680
539693
22584
39071
920740
24206
447061
987288
950130
813344
221649
619885
167510
200461
90151
321081
31339
767817
378701
555880
51687
959143
669857
483991
884634
209160
519537
170711
991043
152430
626599
386705
264783
10734
109839
419843
572911
266948
126151
565480
285588
25792
207362
701174
693834
590495
295096
214145
98094
647861
12654
536317
200206
583237
303005
317089
754587
354739
996034
41830
47693
448464
589250
863982
395540
696917
542711
385858
366454
627307
874203
177844
129290
180711
364687
900131
589903
532243
966089
262109
721961
28455
169881
112735
753210
715863
645142
573367
627609
456262
699753
499211
887474
668824
977909
936754
601018
899237
868066
173760
963148
252873
227973
239391
989541
188696
602925
939672
384953
186223
103949
356209
339824
830758
60545
188657
951104
537697
23871
502719
650023
615494
448347
321449
630790
240328
61878
256320
147029
533922
853380
392159
513031
391968
750201
827789
814459
539287
806288
148152
555099
408245
341176
334690
946069
295155
358363
168984
937716
172839
86027
735580
885082
254901
398859
341860
786588
518502
931128
769531
770682
364881
392339
911814
600761
218677
807980
497697
917023
848617
848747
1768
325195
10346
636158
714642
853550
211156
612571
941623
511018
880044
790256
330290
941253
43993
13871
172705
463562
403507
169775
192265
233212
313652
51393
923223
879864
694924
891408
192833
673190
116240
688755
433355
433947
396114
619539
55142
150159
808268
884340
675443
883574
635573
163618
567077
309885
307638
945720
664835
382818
12086
536272
83213
86512
366673
38722
812278
849238
342248
599899
612048
938019
138642
318364
329286
55073
541169
367275
595394
370827
820767
996635
110959
37931
398534
760275
870744
128276
43727
227805
779183
917497
402034
522957
514538
715305
749356
395916
432264
317544
985231
168768
705842
234859
664627
792217
890876
296175
478858
825851
426058
283382
664401
41219
249104
608095
447715
15032
152945
848353
939176
383952
808137
130084
254570
955036
761094
174780
344648
448529
997681
879042
51779
859699
496075
597137
125621
627295
471314
239194
582050
311350
99107
373477
172519
400994
434617
610660
302799
684486
191955
683573
511621
295814
459700
705845
191011
887151
200964
983740
960168
159237
956180
757176
681545
662568
640575
863081
722334
380642
407915
623990
899197
46224
738159
57835
476836
62186
419279
512720
782479
699376
235810
575911
765802
21042
775189
818561
14625
637500
71048
484285
610899
641757
515030
594206
940260
926547
288242
877768
471857
368917
944364
73495
155679
737213
489235
982108
578445
23631
238005
502261
97896
71850
577538
293896
942940
885833
426063
88604
554087
537782
15734
157012
395722
511949
14874
961416
456666
367977
580936
795265
192883
696749
435705
380241
972939
870833
537396
79757
998052
446854
162896
480873
17563
344744
919
599790
784798
430143
876998
375194
13883
853394
105074
731668
676947
530505
572484
560650
969133
942109
674789
288105
935015
525022
257781
14328
171143
304736
947444
231889
501999
256067
404739
455166
231151
481310
616581
711340
439797
758088
379040
79246
795487
968514
966176
57105
17201
82820
668922
982903
458402
640674
179373
856851
797137
517147
450372
980192
256917
740159
652281
237181
5617
740602
376115
101449
719334
296960
84976
603735
302051
675607
312638
862158
989016
610620
351396
283040
870248
786931
712349
674597
91901
87918
214404
948883
804341
8921
613835
509276
60026
522944
167205
768292
134127
509150
767364
663710
740742
880515
229692
187906
590574
749664
458887
875181
753898
470706
114082
382868
447421
618505
291540
75366
303233
127861
433358
759038
494039
389068
55790
617858
6073
613081
935518
703771
281004
733860
635097
57553
824977
557466
521294
910786
246937
89305
555228
953790
755544
346586
843134
857474
952435
549436
338624
800015
683252
660969
501103
872167
207804
301479
576848
951716
668952
628093
465478
413749
971052
589631
336279
823797
95307
810041
984200
133801
187561
662708
197604
740886
269032
583783
905116
976317
442766
801597
433480
573749
489944
504767
734667
522147
576039
960031
120853
12311
181337
440480
582211
35590
106483
852452
409441
738976
884858
706580
490447
933326
841761
754342
674241
193226
44444
137614
890464
35994
26707
516099
115470
244266
453554
503852
616263
758213
675677
736039
31458
637104
186561
332662
536375
572515
132166
980359
432283
857253
649760
385823
894727
228419
946309
474466
629527
245612
2745
932865
656558
672428
752388
103104
689654
481731
716869
598435
371333
580577
380705
440052
689563
443137
615828
222324
515208
916767
534823
164124
146539
176535
888386
501454
105364
879580
240217
474141
496011
727505
209666
230197
69226
772295
799783
974441
720229
588308
136151
789464
582378
146892
320311
425338
175331
975711
810581
928908
788313
473743
712349
246102
722738
186956
226724
205206
512923
951277
899682
516363
985408
404685
582013
453663
112184
889024
848320
440433
403966
511921
70058
382399
318746
947993
709731
254893
376479
271262
731849
674036
59597
998086
209769
59754
677782
43542
444426
90217
871102
10891
873251
63391
667867
789684
421036
894130
727612
741674
812881
603981
598182
936877
660035
258380
655034
890973
141545
222848
153842
190738
834869
812383
970314
481688
390737
670027
514171
752074
765111
189309
920802
787658
375392
942222
159296
142682
678228
939234
220891
218394
591904
222641
310465
62366
16934
907699
450732
482347
700622
602920
953217
716238
63386
25409
971763
900826
861208
969006
528388
815612
669104
417157
146348
90044
345693
91660
527762
241170
597241
211939
167543
495459
445488
764177
875634
523223
513559
327145
387670
983960
301141
489624
827311
338280
123711
778254
152875
498847
910402
401351
628374
475968
741497
649141
111358
632183
648223
551052
79030
209266
473758
555753
949749
177241
156678
266592
947294
933163
336281
973985
686938
472758
20227
13701
67489
602547
649511
10555
986520
862588
253012
299721
614485
448554
206166
113281
475838
798607
589353
334403
975631
246605
856905
222889
860473
551761
371812
522451
823784
152048
207985
387598
247133
938716
366234
215715
696571
681858
424341
319354
128797
985284
559761
833642
371428
121358
495115
451550
691022
703575
175743
127909
365889
867830
901308
614741
320808
670942
371216
67677
39668
561144
919139
351398
880324
482843
994592
130342
571423
976811
815054
761473
555294
835787
67197
346331
327463
378112
889307
192382
211924
90595
403366
840165
601201
74370
127996
937891
534116
357141
339086
265715
160808
611480
448435
304157
452978
291722
776536
110593
830260
970560
164822
697027
684927
201702
845020
526995
151619
401939
391051
827159
518450
141000
508705
524856
61379
520454
852300
314310
416915
936265
96416
6857
655653
478308
956964
226213
673674
777530
27975
428136
433372
497814
273136
703348
36964
71528
593587
585540
940187
939677
955295
683420
621518
737177
447220
123409
199066
546004
438834
774386
450199
668238
882188
404818
159442
341488
790204
938611
753074
141761
796912
466385
630331
653505
442978
13704
679409
905190
713413
746402
804756
644784
501531
663681
246922
824171
235875
612838
512347
269185
288880
318619
709398
714745
146645
912259
396368
321040
451645
615484
227020
424562
23575
804142
906166
311893
745774
640883
792330
861811
806742
777507
433170
528098
964482
552058
765836
971217
39283
424488
285481
94881
752971
764022
847474
157149
294720
695184
174534
587672
518827
840179
619198
559522
242752
924724
468465
285350
17049
960170
87955
915875
32875
772921
372152
192837
929177
735548
606839
515295
185319
751630
290537
184712
96007
208245
322065
551695
441551
877228
293589
63068
629132
554508
299627
397732
60720
103062
598991
315592
808230
395423
182192
897931
313798
3352
126251
373678
788452
107577
865518
806506
826243
742410
773503
375690
969319
245710
994005
51234
667208
362956
106916
327855
662691
159291
215414
802701
723434
663561
677045
31631
199963
146312
437381
521790
458990
85750
684110
227377
681063
189991
173591
584518
594700
450833
368590
125818
451633
350516
68004
580586
767151
694564
643669
152039
773043
835060
202885
551024
975666
834177
936518
642062
153338
116760
789174
754513
173220
57221
893765
927458
788710
666233
922197
907781
388869
254871
264314
744814
80615
880539
273889
578428
50950
520295
156428
167702
33153
915948
302779
951073
76812
905841
992807
914203
10056
171971
430183
238295
303662
447929
396086
977749
413668
453091
522700
860989
603442
516239
814120
331640
453326
509943
488111
727404
571347
932746
294126
164178
347408
934677
624124
816501
395069
537166
5307
181896
759433
727485
641277
957029
649871
160200
890882
829982
513446
732697
825439
651778
620567
674606
496891
448110
333610
21244
595828
316172
787097
549697
413151
558189
11686
753445
80364
928831
387208
848140
256935
927595
807168
150459
734362
52877
45771
346596
830352
769297
434288
39439
674100
551079
615801
583463
674840
401186
746622
74847
695123
622386
15900
464831
186690
68220
572101
398607
354030
534739
25906
724510
722062
942166
478259
976623
339043
338470
775590
643265
543297
103809
650758
372538
716142
739072
624027
862191
315747
908521
711119
18002
188975
345842
928673
359225
515771
400339
397234
464903
217320
332422
161725
878457
116885
608030
701540
4879
833468
442753
458021
853204
270332
523972
671467
200012
21809
929377
567553
940730
414463
209175
893473
409611
572206
62559
30123
482722
803951
170950
836465
641729
401341
427244
365359
505489
454559
694615
297560
76750
922826
234229
747979
468433
629859
831404
467237
135483
835297
29664
831600
989627
960529
721088
834040
813373
236979
859853
213374
959600
435586
971817
320710
456113
984785
743767
90059
828441
501009
375253
448083
315232
41903
779731
441181
772908
544090
484687
32694
990010
970978
933326
30890
287976
121404
561976
709720
208668
875170
796113
137375
218837
101399
122960
434804
523276
363976
570590
896086
754054
899022
625580
768920
81209
774480
129649
879965
104472
915974
671231
52067
300541
243672
412993
611061
345906
775589
616979
636164
55324
448351
672382
874576
944901
843987
404303
964993
562949
578822
816274
28050
383947
513147
392432
629805
840205
678546
155042
343697
279306
27786
523153
83951
593144
158439
661452
771989
399568
72047
437029
957121
721394
721934
112296
217880
604085
81433
122361
336303
406927
350959
176073
956165
507358
24636
242357
44884
714001
710103
145787
191356
757174
527115
695705
915680
344864
248883
901700
193228
791476
143294
749378
73427
884944
432339
921124
323256
393241
703694
737444
672194
256032
928743
780823
368499
595441
230836
649806
777553
524343
274821
526031
21411
805647
69101
638763
51128
229415
896992
677116
81376
592531
812088
347901
873598
331564
952914
334918
77045
378533
565333
695074
145984
477356
160786
822030
94430
875448
660039
281297
499562
5173
139902
363379
551177
52298
774995
714523
590140
94211
481362
178057
503189
789280
549887
399340
540550
274937
76527
901600
668116
23884
829011
203464
921835
650917
343637
306309
413708
612136
792666
501008
778913
925182
457448
315514
964402
421402
667105
942845
921263
737575
39662
764925
40621
65680
428919
325537
123438
524075
845966
833929
466457
942147
25451
542251
34696
58496
363410
524365
878464
665269
146961
839649
23932
411590
484517
83128
625506
524020
887357
821732
387863
933639
95958
11311
797038
601047
260613
519857
322107
173622
566419
59794
622982
905149
833346
571997
179931
36338
546158
812860
971775
803411
454671
102998
256125
347778
996443
267586
614878
465292
604808
448422
120374
642967
714863
976305
143579
691432
309388
90545
618417
689871
702242
162641
943073
207279
451835
742259
572712
220974
285837
96230
377291
130293
250297
25476
904616
194148
462253
989611
696232
523350
26920
493590
809233
85324
491613
513239
816696
158264
94705
601779
718292
487144
537567
502873
899565
320653
333179
45697
651698
626216
511828
41502
438250
849232
484914
112447
814915
562722
396990
272455
621383
729093
550721
796295
807468
514520
481541
676789
821258
645819
284823
194508
660775
867191
335662
778431
599342
223947
122470
725467
368831
744084
286885
58488
260256
689175
520863
896731
926416
731310
828980
506219
867068
964750
730294
910158
559499
208241
385609
846368
652116
836772
358691
639568
819567
997999
500
282710
791273
702684
121055
26772
839761
280678
826405
43785
134255
603392
347235
416556
66132
747902
656562
578539
94733
316132
769708
302975
875953
323466
289806
333420
288538
876712
65209
515858
55216
288324
949651
19891
213281
741429
662666
218050
580397
79506
550009
773924
988829
580732
463651
754886
894803
187205
439899
799002
689533
460028
766854
794991
83747
901463
176953
705003
605216
749435
363196
124584
374254
187178
5744
615721
242394
854729
758540
139960
71382
581645
750659
140445
646317
376706
984834
120316
100049
817528
213077
293708
989584
952458
31785
428592
956773
607564
861548
722099
359915
475664
126033
110309
510061
411733
819375
20300
655000
640781
8073
24009
908690
538762
616232
34121
173667
259012
609701
472996
545681
566985
665859
389781
529035
355841
737720
929495
38203
947549
311501
765272
342974
680796
712539
752668
206896
247353
925045
6321
788192
44917
392932
806282
831203
746620
835917
71099
4420
123831
680431
921040
864281
752877
829385
822858
69489
816086
581144
82999
743401
924478
909246
587629
972637
953363
433342
997603
425660
628875
393956
492011
327669
172852
754946
710800
301710
966041
820692
451848
639059
757390
40645
465750
358763
192153
229643
901823
514438
576701
741869
250790
919858
688484
452581
940678
503181
605224
367136
741004
507541
261310
472673
626831
882267
3071
124742
491501
481238
962453
730659
178371
665556
402878
598026
968264
379915
640448
381357
660039
193806
942825
303130
319159
638683
823234
774756
43832
809681
320592
39714
721068
102783
619910
851345
283632
864919
230730
381333
649526
207745
183842
214557
855169
841932
923579
653347
177595
627391
432342
913171
382070
129614
469712
716931
722365
345000
978188
6177
24918
622061
494206
871147
728472
861117
989655
48598
182755
513068
723272
598930
21695
917201
590005
505189
913876
949950
853112
901236
881987
279497
162767
451489
567841
926473
313699
467789
930126
370717
137526
422654
491765
48358
138216
616540
908898
338260
318693
811542
520698
764574
813230
339170
376988
52683
473027
194337
905299
259886
9195
811808
507188
79151
406111
619259
304987
355779
323993
330780
559292
387965
783924
66081
787368
416446
961856
91292
899743
827592
660260
116083
648972
305777
300848
565160
671649
964915
207039
298163
182415
799136
445445
4172
936162
797682
509179
858821
144056
48385
133412
507859
367900
446925
149946
304493
278019
274171
856314
759116
575522
277085
428553
698707
904682
860586
424705
500937
475810
686349
727581
100225
199839
617433
97533
582555
390177
687513
36309
304291
251085
652037
22648
613206
422467
666897
429693
229957
808667
518624
814027
637267
562049
229527
661319
286680
811434
880652
927702
243560
575090
811164
71057
801326
138836
986715
120197
46065
818757
632807
124835
27065
193837
457046
463371
184011
598595
446349
45359
61263
289348
454898
540583
711699
908367
782585
259922
261608
13728
698587
476579
575338
161959
183397
127439
750750
697860
983149
500369
30259
965474
517919
525400
814507
972717
225077
787663
40275
352945
907973
874054
769966
801680
16692
566466
989552
560160
506760
39902
956006
196127
245788
438427
692211
653011
207340
420364
713268
241346
101904
844823
753157
975307
646662
716136
289053
103584
486184
438200
71956
763105
248252
464117
711238
967253
530858
567759
61583
376455
63048
889823
579445
957947
749649
847219
197669
841292
482421
165882
168470
532259
705034
411209
129546
30678
379360
54535
593203
494298
751538
573692
973234
740710
772983
826160
157946
770663
931224
186691
14484
594969
713085
838729
97851
967049
897281
661919
365671
831140
544004
227791
482343
339258
985758
960795
236903
241621
918832
905066
931281
438576
965463
607884
404112
225046
66234
664556
94256
128089
777987
544785
140578
709931
332778
839440
873179
872924
560365
959890
185435
569712
445020
998782
340107
209372
831248
592963
933247
884765
765116
549763
677084
854518
3995
103839
484691
968132
681737
667291
43275
524991
981102
772206
481053
896655
612757
951017
158137
80648
404763
643905
224294
611972
378114
629115
436838
500828
38309
564915
663095
412802
286406
427400
789238
58686
314627
248935
363935
136771
451367
752627
219631
203118
525469
713358
879146
299546
631488
426375
318584
800482
708429
247968
337835
318836
269434
181114
847580
646798
721888
707615
676979
976281
893331
188332
759748
399326
249746
456217
990294
185961
348762
341415
552576
96505
802005
648677
219693
317792
752
231774
623550
376573
351498
256738
67278
550420
765768
549423
335121
744711
814853
565309
210133
36019
74727
12515
550123
457834
894093
677289
636703
614664
68132
684331
99426
284084
358745
709030
629577
885301
161768
634978
533998
989422
178195
392956
916852
596216
291439
372495
755497
663898
793304
778430
205572
69607
840517
357665
413517
913141
134966
906954
882140
731317
478346
567603
427641
544116
3117
306309
446307
682925
475694
512711
657324
55688
47278
647394
867457
149427
982196
840653
786696
707740
107614
255513
963618
335816
960690
905179
122703
137875
775507
719537
511089
14276
923023
204467
256425
654156
546261
674872
180190
763164
46532
373954
167900
34464
607134
15175
286680
550939
656155
266460
467666
728736
322650
875904
819475
700394
807602
419843
312982
39193
825319
193169
902275
481994
395897
439711
99670
80273
611094
141745
179231
205269
501935
4421
442402
963593
341159
654496
427934
44739
661736
133426
446059
667258
349264
694056
230908
199649
896265
389071
616452
787994
899575
218592
171766
10969
431370
107244
750180
575318
467955
246053
287625
699182
277491
474054
161186
853399
886862
719008
522166
852030
828063
5122
970871
706751
934021
125573
959361
436480
544315
445105
813119
701610
180998
712272
1581
245189
66567
347917
634423
584688
417648
234375
723329
61753
989715
85816
9984
326815
559830
30844
876933
158689
