350940
485155
667458
893411
109826
607993
871260
91838
377794
412
782653
909810
127928
219424
569430
569748
774968
586925
232964
929787
524343
227587
601979
356427
399305
29454
818399
16031
360900
938401
210673
732818
174852
892434
258534
181610
808201
134323
940884
559202
975162
763624
271429
834451
136460
21354
729198
308990
680382
468631
760570
68088
978876
920307
278655
335474
913763
376255
447442
446948
800804
115252
117686
692822
370498
192220
167791
528843
832245
827918
273525
610506
487281
126852
618820
755658
978496
206170
80
603769
608460
877861
351574
441065
311353
590638
46990
182808
560047
576842
302268
450010
385333
952919
945190
7653
106104
917461
210592
158457
408812
889182
198467
760746
418506
341699
226108
232971
934327
212485
941568
618937
879877
547437
138141
404609
830098
890057
185004
828783
358734
138371
973091
774900
444699
467103
655495
929843
982541
771344
433726
68392
345488
204600
25218
859125
762217
580475
122802
192203
800725
504766
579267
746801
718861
312898
245459
908532
381483
26519
870110
215851
163366
280510
137673
810086
932281
484703
982492
503859
676643
917667
813965
783820
103047
44143
305271
976416
657395
878526
394986
970428
434685
95898
933659
846422
95562
22199
444284
20214
664872
529132
21799
694018
763035
36687
95988
745636
490549
289579
144617
791130
738206
301600
750993
894489
755636
554136
593061
551199
150667
473569
196327
963220
424149
42476
483534
468124
625693
699553
566876
358588
757166
999325
285515
898918
288400
655945
987365
562018
390962
13848
879731
689563
576803
801181
292749
144388
547834
976710
219025
693413
838358
29113
639535
426630
503616
942089
109664
27062
785645
639829
911798
794744
301343
139389
128463
468811
656042
727106
981027
142677
311700
185
380221
252907
922390
958252
285959
338815
666495
213773
947389
910311
293880
803928
852228
914118
391074
886980
489491
412953
315675
273445
961167
62880
519072
931041
11189
211495
701773
668940
796273
859759
636543
975075
870155
735422
541146
121890
30145
836480
864166
182978
325935
571481
826068
640211
167979
770120
271711
419697
357613
163321
487630
896422
152171
507047
207445
476892
252867
208235
613915
360893
999826
120102
9815
127657
213474
38280
908756
524115
536704
793594
362707
1849
887786
149102
924751
930494
161639
905728
23067
494181
249969
40201
815464
170924
346574
869057
723299
573699
37757
302222
342971
656167
698251
547885
830720
450464
582469
593852
622567
866195
324167
672865
739306
480260
332595
295387
619020
919596
819838
532899
766842
438835
695588
72254
342861
589067
968956
695842
337196
883113
886437
458626
860303
584415
556576
996728
683614
632922
640952
939150
320247
837238
73244
242858
831055
793913
886797
564435
71792
436275
424946
697124
227552
826928
761225
647500
439074
609111
228472
755262
640406
834210
497153
607292
920442
146580
165756
511445
85934
434879
243508
788266
561616
112385
5767
883558
211436
447036
683851
21662
476262
221384
735926
188913
28847
690724
38758
393866
303971
42055
522314
321539
221635
953813
389744
705252
409802
686701
274027
405001
551917
666847
688928
609569
109492
599611
631918
136339
289904
804548
823607
846587
313112
762692
601231
887889
410052
766457
332545
716906
649413
171949
320952
898073
437407
271395
290705
829678
876772
13485
593658
553566
944046
128987
641159
419331
289016
502157
724561
972410
738457
496106
316555
736490
264223
910121
623907
571876
988868
847245
986896
236262
291855
352109
921854
13754
849290
889777
608532
338684
505564
559129
655774
229624
58370
683255
189788
412465
116078
468605
656806
282623
717628
376177
186874
324176
631821
159165
44068
895438
609154
95650
694536
384993
603031
825165
214031
978316
976345
988610
39084
712946
487557
495157
831498
98491
227711
302007
577172
164882
16684
720845
255200
747014
806764
462813
352185
359760
815479
101250
532615
447476
991059
349054
874973
672384
599791
188367
626719
3889
712928
652506
484046
527477
325429
398532
938610
947532
783032
139616
447331
902728
706884
583810
457331
814579
439870
635570
699003
555983
468785
729725
27585
248760
976522
778213
20995
506790
52652
780920
298083
134671
833521
471742
341870
810089
52351
534860
968522
256653
391170
729781
434620
118071
870731
420576
397844
698154
878725
829173
897270
248112
958351
168433
463621
765439
489339
91482
92333
137719
204771
863948
157709
873288
578722
960561
703040
667121
75382
245775
642695
770147
232752
632123
637780
952708
319573
139819
533877
904207
366997
791785
55515
355544
768869
22564
430727
441965
820795
575585
345488
335065
516134
243726
788627
82178
489351
927351
962551
336498
417584
920721
122075
746290
89175
269876
368351
542866
727350
821222
519052
6662
174467
789970
631457
157995
824967
119384
111675
233639
531741
682046
145311
481901
985482
367428
72295
901792
419827
597012
885768
220623
617023
40216
160444
371807
818826
765926
333520
648390
683714
200663
731340
726707
338594
812853
568762
340684
111945
125970
214101
691279
229302
933813
278160
561050
660962
149552
260287
172741
668858
685197
477030
313901
57208
901607
730909
337740
546141
806420
675100
726468
257741
855104
614889
903803
296199
370133
885467
886815
278719
302102
213961
529162
960025
828491
246804
751425
532292
434391
181774
678551
871153
388261
367046
544687
307247
220097
743474
383966
468837
84483
246711
740783
75691
247269
479511
256320
794245
560374
325047
108233
219516
64744
495564
163325
444955
708931
903394
434505
807875
607420
492169
925049
941035
128864
552092
479162
540600
641195
203055
783098
730805
418677
328852
447915
229487
502732
310346
418919
559920
929373
40899
235950
245334
204043
868369
896650
480207
499618
293100
712468
893554
391781
57570
452943
391549
766339
586587
70449
479911
513960
360456
113154
978594
189936
713000
935518
830063
14071
453431
449428
347933
598796
310771
534385
44831
780100
464011
910807
114057
894058
286759
852806
854439
277332
733198
876349
574650
144465
160184
736953
289616
26622
950961
2332
499903
616760
576423
637737
809661
195691
696976
965292
263455
537737
317306
910071
267692
318423
591856
68486
571294
538785
227974
310020
611060
520334
990210
585319
394998
38606
62823
355126
92743
250159
327775
260650
882144
316175
209668
569714
336303
229228
522891
782225
298763
653592
925837
625827
86738
718856
745844
842621
405025
570251
114494
673777
4143
520983
289329
305136
912134
891198
148764
261323
370079
897088
781189
271122
31002
219323
149236
555677
640727
894206
492379
764201
341748
673019
979232
91161
676835
266970
347849
154014
363046
664682
695939
546994
724522
575346
302863
123390
285437
77414
590474
37276
532590
20917
72727
996726
512832
772799
613866
159757
259274
291172
285428
110230
849070
646008
786214
110975
574452
71507
511524
917711
30722
924484
40393
513899
980858
554213
498000
439220
934512
893769
196901
853710
441606
561618
769481
116092
224359
363808
247900
675815
852764
264548
652362
787070
893070
854482
348757
694134
921305
408053
477242
301555
737480
310300
180867
70719
130611
439986
986728
445750
231666
978795
439843
113925
422397
635547
407887
840391
582434
260001
397180
270926
794145
201600
208593
529539
938727
827661
495518
229
137701
652292
165630
889709
109005
909622
34405
417426
983401
372254
671628
436584
958872
620177
642806
655524
323621
802195
294173
277178
844869
642310
914046
638823
430253
498429
337662
437707
543438
147502
721656
715374
898222
119494
885860
362147
464804
300119
499173
375625
198448
969644
789102
194542
460340
944894
812562
186703
200979
42687
585192
508155
565797
603411
691095
905110
145044
434782
355716
527224
721430
138872
771157
533493
700615
813693
678880
758968
894178
36930
922293
781960
641820
127650
232132
204461
912413
865014
182253
346091
752411
166051
685795
861037
665749
820940
724027
460669
966121
199528
751575
621808
747347
506415
154473
164767
89859
762991
717286
227983
595802
496315
65801
713330
968576
256258
139649
529991
354468
619069
299065
964444
671825
58050
344833
84660
54506
229046
739742
595907
554498
775904
335403
486294
108122
85080
826921
900495
442744
682782
470955
193614
961120
777862
25111
867500
746482
797329
912601
769185
255391
970968
437930
531653
590857
677922
67704
528883
450423
266580
691
95882
254002
42824
815796
301837
926718
504630
704265
705130
120184
225102
831201
754328
339593
283176
161937
357273
59332
312595
431233
419359
939170
873674
43446
734795
906455
544837
645756
64208
301584
672683
674479
505462
523916
285028
285478
577915
501460
353357
888125
897428
951128
170373
66110
305169
162216
582052
473387
980190
429836
785996
182699
804389
546048
19351
916047
750545
876367
906864
165759
973486
256266
891709
765253
486188
333157
304826
266230
242947
415343
452001
859384
809712
182317
9029
701685
970589
165137
340671
8219
418142
509532
562047
688012
182360
754701
756164
491817
157692
436932
916006
554486
263217
349688
927440
708458
810448
35794
942668
80662
655368
81060
914295
250607
519906
825033
80019
201466
295072
487897
86331
588435
108734
702729
433137
675801
193626
589022
342483
350201
87663
321484
453037
988886
750717
191023
388392
76434
381957
757157
330143
652412
858736
954118
415826
553750
176143
304193
648243
153729
645949
904468
452446
257927
333985
492071
813798
169861
358416
51334
600458
331699
962447
966457
991111
102994
668982
383042
498759
234801
508016
97779
453687
960219
306334
312489
863990
21344
296027
184297
891689
224446
972122
379861
325483
938349
13484
796234
776482
872580
914847
774809
423341
850763
921472
620001
658233
831518
47424
974726
300467
854970
583604
962384
868952
626087
215350
442722
47336
921218
109417
550548
991032
36070
725914
243184
537575
295671
329347
414790
461736
265930
157417
953260
231230
884084
515749
303702
273095
82862
577599
532046
140975
213922
609013
190351
954821
157332
939612
7044
816810
533744
588446
15896
998118
426540
140833
300729
264852
395737
506569
505199
349886
720908
763091
420947
633411
539619
862050
74925
481653
695990
287511
437934
613823
931868
53913
311238
670915
133399
37300
464099
311810
986269
743069
997704
872309
150467
188820
951045
651320
472392
327074
343192
619686
259132
36098
911648
718976
399116
744220
331578
579654
579562
184556
548795
170472
980829
136705
552712
240278
170466
710050
507156
38260
248318
800075
391415
295721
280673
409749
272744
654807
66360
348211
304599
688613
708432
525848
951401
906871
957730
109110
260881
886847
618559
674338
858184
86765
582041
384916
71656
113538
543403
584202
490539
638658
643846
614923
226427
656328
731770
805961
114293
856819
727645
18464
392191
774718
608699
825211
61314
489646
706330
444245
683398
94564
926696
497181
804457
329618
988739
610867
855932
145674
585509
798032
37050
965106
909802
352578
71782
228180
935040
288916
705600
854226
572330
268684
853155
869047
577136
963917
914174
252968
408999
229981
942957
426617
251865
956865
683699
516700
928848
201093
365654
119668
614788
365720
600919
360647
189982
597395
38541
650322
119016
609114
689821
385911
501012
549595
407000
566098
358374
662196
481009
239785
637694
11761
420761
191809
145606
601651
706617
488909
776436
788332
812428
999106
252476
10822
146326
210886
255062
568483
499268
570118
708647
256383
709665
524903
657167
24690
949619
304852
719502
179538
451568
139318
691411
292150
382816
18946
965475
746581
611664
361387
121442
819020
308912
462265
751745
694718
846858
671218
10757
313174
724319
421748
428272
974248
962976
801700
612558
947765
547654
82305
709853
343821
291918
271634
34138
428495
549653
712382
576036
931724
503883
187322
35471
372554
41879
295964
751368
451044
802439
278799
879328
522318
594994
663455
392375
146551
698349
615092
276230
843015
261862
446748
183944
404488
543264
262465
84614
350369
515723
142906
751934
156284
86463
714748
997487
457801
733845
940081
326980
725788
875298
707425
822042
323698
971857
921037
514608
896273
810844
384859
981482
902477
260775
61675
205506
967974
143417
215495
910411
282639
374743
177401
24867
212170
895999
592631
286645
45038
389822
924538
310696
827147
92462
309037
718632
664548
107216
106432
420943
925786
345026
279387
910895
87914
959581
451312
714687
142733
702061
705705
404639
804670
96589
389121
487369
695320
119775
768047
67734
607837
103718
456956
646698
299283
454720
830837
649342
221256
876291
57021
452168
683767
483634
619770
150281
31811
638619
898543
10931
995424
569745
623018
687092
980561
273666
643220
720355
985675
129332
816294
107270
851321
666208
33595
596926
732889
508331
49856
690575
349124
52541
600967
981200
789898
541696
636795
982571
995643
316023
40814
113490
118595
24184
967822
249663
178349
553416
462903
612069
199240
530641
462114
436920
983079
395778
939322
15446
139905
806851
968655
325713
75641
721812
594212
656218
106361
544385
740898
876043
888887
583620
3952
355856
796954
217591
398682
613619
58357
858548
754478
202691
879857
865163
66534
262049
588682
124063
483455
342119
412208
521245
895784
336821
199245
355098
932566
442265
263334
97736
46900
359642
116379
49813
397496
923234
193928
659553
797329
247493
734158
391513
960188
649266
630380
991029
206710
948405
697030
404362
124620
959270
442568
972812
120078
729778
300772
601892
986402
621379
282231
424874
509812
847375
519113
909248
168075
558522
358835
9994
618551
193065
135387
426701
922791
471012
228827
951587
770455
24999
384896
939864
102566
875206
682414
961573
51461
271098
474849
578630
592203
140236
71182
342266
962598
480604
757864
86743
896045
662286
188926
505799
61136
141266
961409
337827
628849
627535
36772
589482
790923
912300
440476
267742
769680
548731
910919
370299
439250
960065
908585
492181
466711
850918
567313
172557
19727
468470
175770
860847
597345
757457
506381
533995
285345
961461
418596
896686
409055
164838
245545
131741
501657
84856
278717
15790
749584
491449
440885
982242
344375
112573
180191
209379
498056
615558
849378
695542
497138
766352
201859
774236
674285
184503
861252
453067
287917
647942
966695
421572
337396
374109
192656
102161
360706
540990
850248
29405
246376
396596
568670
836143
967099
896608
503016
677956
688419
304097
733671
133833
181651
932319
586376
376562
51411
644981
514759
11770
856312
105337
463278
66231
472886
485608
352508
41177
746060
157875
671264
620159
344477
241888
395492
631413
646879
610271
558695
260814
359212
655914
405699
13147
633142
805271
373261
319557
42072
139069
83130
467020
729543
416641
702814
958492
110823
195452
397328
200201
587450
353674
977834
4840
877363
173618
958189
572489
586921
633453
341121
503444
40487
583637
600537
89983
852512
713899
24565
317289
687487
6213
8961
946454
740125
499218
902875
159304
164044
538187
30514
76150
669456
635064
66570
513259
737837
593692
215003
975934
914396
350975
73177
716586
106519
242710
171791
801097
400660
605456
863781
778802
924622
621375
111360
411947
260734
145314
101320
307917
971945
330635
243013
142451
870995
419121
498083
470174
338961
897108
308116
284009
367228
233033
650644
573795
546561
641249
405448
100494
481366
836154
736512
567539
324679
579937
349147
802400
115630
548642
500618
505728
50177
608687
472941
263637
625157
871401
781145
813268
451105
928717
164859
128412
381965
207230
642518
458837
579881
401195
75176
883618
409770
587036
826538
269634
496879
407391
375415
908296
182322
666441
625028
631541
522842
504555
671885
626543
250029
920275
272465
352544
771426
155835
957427
996718
291860
416851
818498
795282
922323
706918
242514
380823
77461
686763
820041
39921
160970
470251
207030
909176
137869
2185
555739
731967
978998
215091
176331
355093
597964
189348
491758
831192
804056
945683
384930
465328
860628
139899
781948
354863
700931
823368
380268
941827
254106
478107
676158
153046
819612
313658
136445
28419
280963
387287
11570
908660
142490
25019
551178
707100
895976
269647
848661
627854
923654
205831
232171
904313
442770
94380
31913
770048
699964
219908
208089
985658
500157
25951
327472
419715
713960
232897
758448
432701
498649
52647
278702
666215
449737
126904
820142
889239
584452
393545
621418
744023
396849
449613
299826
879578
643088
486104
196013
58074
320387
976270
818557
276175
785283
565228
823297
504269
764659
173490
919092
281467
406929
699180
182194
436779
375433
659548
504731
3099
765220
350342
380112
334727
488925
420760
644058
896105
890196
344627
208747
578127
125468
81626
31804
330390
783279
512374
984661
460232
796033
479683
66987
504720
439793
890907
906531
918166
633500
641245
631861
576699
680652
901690
178028
687858
979342
979484
187529
387577
58274
601714
111623
287411
263371
597532
73338
152356
323653
429296
116561
134472
876502
487847
526778
600016
341053
28776
759844
621370
256775
990638
615456
776140
769409
373272
769313
165036
958728
613197
541730
694239
617276
621449
347751
979420
443155
263049
964059
681612
134153
1807
35672
501921
745973
288402
887558
903056
506487
32582
819866
362412
2894
893379
8576
104609
753222
229973
914899
107465
740366
790431
298825
58222
184232
243948
612844
821085
853177
898324
200771
436387
641856
905159
769807
705383
588388
77945
149937
615843
630693
570922
588969
185600
540789
903568
129529
912334
300320
925412
361896
186973
314790
259526
18466
156155
733801
960590
266108
421194
534785
799408
697942
453116
999789
782155
89178
509550
629605
516366
922656
988318
335051
646407
432820
558155
577855
874634
107567
295784
785297
185914
362177
172988
853457
354039
200465
812761
595459
21092
264827
164982
665711
866131
438200
2475
884692
526608
611292
9161
793021
125127
90424
290260
100395
630803
126239
734623
735025
428771
835270
807810
76575
19787
348101
275513
108374
595749
337978
604572
626299
573986
658828
14582
11335
237553
514893
889157
807738
679369
835769
333134
180527
919447
851419
642330
631755
655423
568207
7120
846159
484753
758754
106096
289485
161034
729173
838634
540664
500612
603713
677337
333972
33275
157716
673759
991308
242236
785273
208029
843554
744172
236438
439311
349569
918130
258735
513475
11438
484162
185832
190772
554397
775239
58215
961607
861280
401900
682328
28257
796026
35144
583946
904483
913618
667812
127159
702147
110275
307049
915745
618632
774096
485227
668887
486946
775285
305548
745943
881251
284184
741774
56525
798750
751070
807993
764410
74522
395547
130917
259376
1203
909153
693989
31097
357390
398457
64016
305111
477431
69360
49965
586791
592409
167176
660986
998815
365209
879824
700185
509430
542159
379726
108440
71971
648737
311576
463771
265469
250174
214082
890600
808193
486772
691505
522255
827634
84015
273422
844020
430747
41615
496471
593019
540912
629220
451599
837774
529491
184969
730390
395470
456626
601242
16467
287827
402061
60883
353677
907298
102485
578694
488857
107946
358256
366009
175086
948347
354073
650266
522580
60932
462501
926047
4539
346695
372000
995646
828840
508763
970134
959302
984330
256221
978285
726169
262699
686709
33327
519878
14786
716672
802598
745735
368869
393631
738144
245204
494299
241435
584659
55137
270415
660211
290585
213371
901281
563525
543260
14331
246743
907285
850573
829028
339441
620092
770317
449759
726106
90095
123695
928528
496954
842219
968149
994068
654377
948602
657398
314521
856509
779429
652546
826843
340548
905591
685788
741751
194189
428521
695622
646189
111649
543727
574939
346167
845775
854622
610485
753344
884453
629688
235502
710979
16379
234710
821572
150849
145897
506672
69398
462494
983384
745356
109963
107161
891958
289345
964754
415206
697987
886119
250115
270826
709705
502174
176357
851475
559144
337527
988425
280337
495503
976770
130131
220020
889799
237621
169880
756707
409769
548021
916835
512118
190000
444932
76114
302321
939945
217800
506014
172574
953671
454900
235320
374278
784851
878869
357838
557067
219648
158011
788652
183461
697180
886914
375488
895927
401507
844988
661366
456717
251182
336124
321730
229173
869321
823618
210876
303863
52706
370494
146020
160689
315420
262467
827015
238740
309635
529481
783227
428789
755546
339422
859588
798417
605201
877931
384281
631264
898451
559775
10944
747924
22011
389114
863702
517550
65382
637560
994475
243325
318179
449048
680650
435381
267335
780679
309142
55976
896350
572654
458127
518947
714044
488597
602868
820392
731761
612466
912323
501699
378522
85138
583132
603211
348692
709155
662531
288695
615372
889436
316612
751514
519218
763209
893873
932092
489804
3062
132487
140823
982759
391671
106159
33387
582824
809939
415968
757950
287232
733963
954913
219124
823294
845130
394604
549830
465982
962602
803695
681570
216895
434528
986028
464159
128083
879558
626495
546075
573935
904324
329280
84724
174498
203098
955326
267167
38499
866315
671468
569640
884674
250665
554200
852678
925825
76666
408982
911706
101564
385476
568187
211460
645891
204538
902341
254178
25608
819971
339352
285990
485619
21923
156323
845843
682196
574472
585121
405396
602160
155635
647740
898105
512892
627713
4620
304783
111976
365398
382012
153562
417490
123365
201549
981873
383387
765149
795509
841143
908887
904499
429151
151537
324830
58120
544982
426377
562431
763704
700092
127262
123732
48703
283700
585030
559473
9031
67424
185889
407734
301906
966276
421531
18820
460160
258249
308925
876556
425918
947678
774513
521731
398731
228089
182608
121970
767592
681595
35497
118825
850908
382386
977105
320596
575457
597560
783586
36965
598254
1528
215314
247217
34
202769
473008
51799
252298
616083
212604
274010
651215
129830
467044
606352
387327
468681
3543
543924
316470
623672
61512
910742
946664
401575
218561
530546
408974
831532
319009
728221
685803
87097
667956
963163
284602
17286
613677
754766
317238
549581
65794
180937
572549
520815
379940
63363
680962
916020
800538
669863
443302
333936
340345
52936
741778
905345
939394
551730
246907
776884
130328
312860
482162
998151
379804
767161
192207
972873
245799
745773
256378
957086
979363
470237
318293
775775
709126
963807
138761
818078
532525
94993
58732
299206
618769
671877
747916
683809
894120
278682
103259
308596
960218
216678
852022
733317
184862
412367
141395
961661
38129
664825
356103
130472
345011
146201
379378
44248
27038
704104
122248
236010
255075
169460
163452
632544
215843
907728
265291
814701
440710
261804
186914
34960
289532
925823
469100
199384
943566
895008
63100
381701
288864
134581
635860
711247
179589
649730
308752
203072
719871
914915
495602
512636
645074
983445
237579
694817
75331
916398
73922
947593
469810
644717
304964
418412
709265
605676
937224
581923
68032
838386
487869
958855
746695
912165
39763
640248
45423
314204
489507
104378
151421
741843
528508
686329
573004
69176
915595
748589
303750
671970
270182
838168
9790
155873
499957
200620
831533
217200
717629
303307
57032
301191
142410
798950
239354
555661
644409
908166
321155
713835
753120
907561
720493
683836
606938
141188
974118
881824
616370
582376
262911
801904
572203
652351
373376
700043
564777
880565
990821
290831
636992
87923
109562
817380
182808
921478
178510
216306
10233
652510
564951
711731
33657
942707
193954
352482
617599
522754
636404
317458
491443
232630
82691
804380
959876
455073
881994
233009
693333
176745
902477
361358
587205
909120
166377
507533
224473
638027
2966
363607
614473
637156
162813
785975
257636
239739
737136
854410
722080
471767
967306
689747
812034
61626
695589
265707
463590
436195
197105
719765
754156
797101
922167
994927
322239
781717
579179
225541
41475
379545
334695
217920
394970
561979
167370
735292
80531
589029
514220
512823
902769
237926
997372
711012
190675
612954
905977
943520
352965
968232
745609
212412
85346
356582
902841
895288
93923
632471
658706
842193
226121
753876
687636
632306
891939
271432
807314
564614
499196
104212
175274
277549
251301
366420
428062
350284
757914
110329
366676
784639
696340
172309
621414
142378
814315
569718
816167
732973
188581
434345
464947
629493
354399
732000
372978
583727
533270
276846
736361
586712
507154
512686
142204
925169
94193
427972
981892
244750
526476
381179
73865
972236
647304
995790
777308
248674
346043
9090
102292
988305
884344
771568
861795
683765
46265
999137
408148
211646
870632
661330
83683
579832
207562
882902
748664
947653
311944
919771
731330
569965
488476
907204
351084
293196
422100
798134
111231
687785
310726
720559
489748
999
342033
995536
781108
482197
277067
852795
138638
949600
638988
363799
433172
834344
191062
562992
466290
231087
142496
464636
762731
783598
638461
267000
449682
534786
455022
284913
195683
165124
196289
404383
223548
131702
367651
98924
914747
59928
453001
363794
928949
138779
734199
714785
898511
837165
632940
7136
311933
553715
498282
795532
237269
958741
860325
672956
827663
717874
924552
629924
646811
477044
956638
936760
828831
999295
690211
82536
1548
673411
155944
84234
951900
349041
334173
514902
578026
492363
73406
878666
145005
128787
865757
103726
335954
539813
223688
481970
822966
875809
843030
880051
973117
394560
206675
424540
668242
830152
980357
785641
58619
215130
750427
403975
177879
534761
167025
750616
425463
266949
786370
73618
629463
162965
685803
623239
216120
975460
627800
767743
423387
669842
451661
482817
161947
506666
491155
149425
969448
563028
417021
594579
142172
532833
659990
101229
847995
996228
406440
885387
664076
520032
609323
504668
118606
361404
832969
997178
172121
35668
822218
317831
881875
550217
342561
227506
647499
954424
205714
496281
842613
902375
125694
65801
216194
467420
22029
476256
179867
208584
452406
337172
616635
175393
583726
674700
851687
513805
608298
978476
421962
809658
840403
274030
493873
655690
788038
210860
565663
993836
911876
352698
637198
127302
517565
459887
968899
540622
364852
679173
655436
841848
666190
400470
980633
577417
154621
141574
811701
27147
183812
945216
32735
420697
359142
99416
670985
487642
280559
667280
390380
645706
853278
394550
739654
430708
565677
255403
606193
485244
859455
522750
345185
746584
827173
485558
650234
853983
344269
321583
542156
441274
305864
619547
471980
585207
241975
319530
725744
577340
829009
19844
889542
43480
545746
908211
939377
981365
465603
541022
789154
686826
560803
750960
10607
97965
27567
285912
819890
201062
157971
504233
239489
956574
253933
699297
395973
110806
753722
975750
403641
542260
465631
665004
913345
802648
339670
466068
941220
934413
233139
256687
999464
402460
27602
530880
595913
989114
870751
648351
249173
321441
225538
369241
26471
460860
90981
176821
482174
467579
860899
401873
675321
168263
992910
363627
502193
800719
121629
171389
609779
361025
170161
541951
950744
891029
644162
982096
145155
182851
493034
567599
874679
883285
674958
682147
148434
150102
685605
21499
949546
265578
203238
196528
694275
266359
843026
111014
892458
749825
86427
691089
425649
446612
816560
286197
42310
320602
837094
511237
428722
345420
601604
170989
354220
322117
496427
394027
481303
386739
123872
163928
221151
191078
151096
551493
596459
235211
922527
449728
678271
859762
33924
955958
993586
575498
253989
786034
826118
554543
765170
569540
642409
889562
557920
958397
703367
989687
432909
468886
282570
380756
278475
680240
307311
365429
17612
194102
14470
685636
373352
326814
100102
711909
318029
616079
377098
945768
313923
153629
934380
263832
100250
280943
299517
397680
157171
548674
700766
64493
164841
729606
672318
657407
185818
892582
134832
842521
905813
783653
237415
901672
286370
844772
358545
158176
706024
516544
484942
776241
268351
799512
118476
852696
797715
493228
548353
39891
936817
583200
934851
612973
570417
300768
684231
569719
325696
218783
760308
848983
194121
438264
765219
879994
462080
73269
538550
110693
504523
673645
251346
723497
359373
248071
330298
841269
278095
666973
911689
88517
599437
684989
201100
641272
443547
102729
268666
793856
29042
741950
594896
646643
107740
68561
443213
75070
640183
303669
107911
643960
79401
656890
351785
309268
778720
347663
104202
898033
794436
671208
288106
9228
644540
574906
893515
199573
443994
909859
898410
418335
788260
758183
767896
850288
961152
939926
474810
402552
129147
331593
928089
183967
93302
406090
777895
590583
67949
9619
308431
943761
112741
514991
891639
583211
853042
825214
295701
993351
283170
525460
257323
885270
277386
331648
698016
557011
68266
74281
628925
333933
970047
116884
584576
878940
686182
3331
882528
840277
354088
276472
615391
356184
829094
403928
551429
89639
111522
573994
29694
112593
593063
520830
400850
590892
274839
540330
836156
225184
643791
331376
96554
733088
598520
53372
451601
57076
275309
978120
316649
437554
620420
271906
628812
762508
97979
699910
818855
584578
252673
556773
