74318
595990
27231
147279
230914
439001
469592
611921
892272
801830
232183
457795
981035
966426
359313
475953
35571
610160
285227
465379
835202
21285
61917
70043
5829
302283
117073
271531
463336
68908
795435
782960
593738
116313
699395
894638
197520
196430
981517
952586
728469
856771
618586
20510
733503
718418
895415
160892
747949
121983
445811
853251
673612
40873
831679
823575
725833
903692
369645
742720
154529
322608
294363
246881
290708
752178
606569
773458
632567
227885
936677
623965
168041
524997
358792
618386
131486
535568
203610
22087
274583
915553
581040
8816
395954
511345
421206
29334
462365
769644
966279
895735
720038
80982
453657
135547
800558
304792
175606
128654
863293
984747
929860
700446
670511
153056
59878
708595
207243
924233
705180
169830
369460
405319
352070
864639
388024
645809
188102
296559
628230
85854
671106
783974
860476
318672
366856
706386
798687
57341
663245
41462
84324
518267
876366
475938
962219
470535
807000
927572
264075
271922
159842
239467
112648
790952
522904
949316
387105
635742
760563
109747
149382
863063
110915
510816
17831
150228
223950
335163
13224
704790
204307
101213
787377
782993
227047
355453
882273
179887
316481
654603
998370
35581
250961
382252
505623
464246
587146
770835
405234
41258
972545
230713
300579
252683
819181
944376
659755
288532
510862
491466
27791
833431
870699
446744
580839
258465
59059
657474
323221
691531
535173
956907
577811
163808
318411
853693
269734
673190
14849
726016
658543
494475
800276
751506
670176
394990
244453
168324
103500
509958
194796
313425
838166
495795
254138
270204
115275
9631
842647
29317
426508
713361
264393
272519
581092
429390
431862
268273
661944
766764
253729
925023
113692
654004
74640
860180
570754
410867
7054
508694
941453
580637
571852
687014
133636
269919
92387
754011
849762
65536
436469
126106
356297
854706
230129
572788
828375
963067
415477
615196
591825
631483
834125
738179
589437
374425
194905
995794
95244
409742
636493
492996
424563
640398
518739
957277
332250
864910
517323
306698
244269
785782
987890
98966
426193
215525
661472
680903
138673
697627
343851
391443
592310
806792
195625
192450
540693
675950
585619
814369
716994
222837
8134
803552
316546
884299
86627
496969
373470
759925
699349
264605
152627
898103
480050
183309
255271
990044
798971
586386
10678
78627
571134
397737
320618
243142
682843
443054
848681
478120
220259
740308
920872
570842
293276
97727
483965
898057
851937
587006
781075
454856
728102
990568
412599
268982
569434
259858
178895
408460
460261
948330
165097
652741
35152
266291
618609
189866
615684
258269
679101
2873
855339
1728
476419
55025
706611
920501
728170
774717
191025
670673
385341
74555
824098
307647
538428
51047
684684
835897
336013
823912
84675
594595
559504
857335
127431
135108
364944
856552
175947
128417
542612
39767
298576
447480
127574
484656
538160
902166
418507
303450
279095
239765
413601
264641
303020
911606
872135
825150
415917
613719
462181
653862
155256
693393
166573
334828
550790
988656
239497
73395
335697
642767
874292
429621
969271
429840
506213
544201
178807
662838
498213
939604
13015
708959
240066
375438
936360
118432
222812
21104
132578
962943
293660
335927
197865
888135
388357
284760
62961
210508
828642
274112
85629
719548
200927
279494
943682
174557
429556
894960
364907
838568
513596
395935
658358
922114
405924
355736
901179
557907
382910
169583
924493
463685
840757
752594
321209
686427
70427
922415
76971
285995
159135
994179
639792
587514
441754
428801
710871
510898
3144
969307
965552
945090
310227
47791
903990
130450
429515
647249
322441
685858
197939
759729
189715
386302
526965
670377
523277
197856
250165
524198
23642
716834
507458
175280
554769
940765
215273
261207
60696
441892
493220
264764
825387
846806
556208
345017
222652
635364
821372
10926
273653
824224
29501
698985
610969
143869
393566
66097
251272
740393
537621
448751
211105
504004
703185
17786
825218
8635
893967
604157
165930
590918
971980
396103
346304
481658
481493
103215
508269
805003
307578
517474
402788
921698
837153
862283
360641
812055
653686
533021
695247
213835
67008
359296
642660
38821
675087
90389
213991
766119
534290
105000
633010
37548
444805
614577
91986
838400
58759
416199
633707
886300
421513
600546
81913
874876
490083
890635
14513
556319
180992
57762
753478
890907
760634
389004
782599
333338
556673
955063
271205
575733
652660
112971
459475
447979
586834
954350
967814
993534
171402
702516
252572
59946
238510
430754
502232
635394
730310
980957
759435
126506
511361
393396
895056
40811
548998
474887
214958
822454
354601
630930
522464
871800
327674
103194
280176
692822
412471
493234
619839
531462
935649
503978
939682
454345
864428
581269
38119
812169
78287
958006
407861
258762
681084
737927
465297
708816
452394
700133
930109
989006
921805
122523
764283
857926
148327
24777
167343
628674
201400
724272
794658
573357
911697
32733
706403
722638
747015
596016
393031
510562
612034
304840
157266
628502
545333
74382
84590
622622
684072
674138
759000
397045
329969
623429
143130
312305
521153
707276
654002
563266
775770
8925
983762
58439
952606
274114
305601
160460
675779
620519
465375
830180
786787
959049
541957
259744
63984
365309
457355
156649
902341
117211
664163
777023
546711
333381
759906
726350
757962
838423
245855
171818
517536
624749
963380
183016
556684
419787
813346
484888
506533
549805
257873
887010
291702
714668
227892
518204
453234
729034
110923
874053
229509
868506
498498
937409
642949
114255
607095
714674
653319
803999
287321
711439
835086
960083
684203
608291
145055
856686
196456
408837
254320
271671
179841
174064
136382
677285
65282
880894
853630
666535
773458
126662
256235
525
718937
81038
108734
14230
998652
209327
130044
680726
217923
203076
239209
721476
23900
342286
587994
67998
476921
687336
231144
845241
589204
897313
519744
972009
369746
452987
347544
655624
67333
298047
910844
553063
116940
627771
411846
794383
881622
827290
119724
574962
731907
813406
450100
288115
856811
808764
492930
893711
431223
664915
166546
389350
760109
35659
863296
504618
10314
261190
493060
828451
325192
588166
248636
308316
340351
990939
984994
774382
542376
153031
864093
114406
328188
884144
81011
242517
84539
721088
290267
350389
501000
974749
856624
259059
377713
539712
77698
263006
660557
712628
207303
532650
721470
924781
106159
603680
46550
631171
37525
713318
809046
743369
386001
416422
665426
383310
418346
335646
336560
528624
597225
875908
75087
222551
246857
62804
203844
189205
59146
547895
503743
411992
682532
426769
624716
383754
289945
734760
363318
678470
377507
427884
615878
334838
610189
464103
987305
298253
647582
210050
246191
184414
830447
871793
531952
273175
141470
353212
655369
72862
353627
965867
970308
529735
684384
524750
650901
219759
401277
428774
948289
446136
829393
962035
932954
871457
908373
89755
254821
770752
306450
590132
461980
67167
678387
964846
751630
521969
732149
773024
4388
694191
632762
835309
962048
626644
235709
192915
970238
602097
940704
940880
774364
316717
890978
206577
835830
382173
490348
947896
734314
657532
667594
197737
489178
126407
691639
886513
224527
768824
269648
841972
556538
314204
239403
518193
108631
545811
395137
194132
347691
215652
917766
573721
677228
134267
887834
677784
162559
417088
572247
448497
521435
29076
701323
167572
495565
730986
380224
620589
760534
626048
652854
584299
175
305593
675634
99372
59885
662873
225007
651783
920638
599644
740467
401653
47059
1331
850685
72988
408728
562268
456218
745146
357342
864925
647703
122538
398298
224412
912465
685014
311367
528926
578984
444410
119206
292890
480658
958992
744998
818105
984844
930078
677534
96813
642666
65368
667894
451435
955664
887090
308006
931590
936313
716167
962582
785385
652404
330655
267941
732593
124592
616608
713350
698341
611244
526804
193156
853139
214608
208787
183846
959624
481498
663117
706413
213355
423921
960502
446458
124406
105750
740622
36236
90002
484984
418892
597800
528783
364710
907430
275153
580285
877215
237056
674231
771498
873029
26031
440748
839031
766832
505128
297937
115609
579423
569481
177103
752810
596426
274628
59713
817193
656851
834148
101039
215444
380250
569597
174838
850657
213743
230645
176579
25364
140771
958312
294910
384703
528759
529980
889091
458780
253750
307715
691723
528576
514783
866502
511529
909757
7930
320116
622705
4823
219659
114215
371315
561376
613476
627407
594661
782963
228629
884221
88670
150857
813375
385614
606271
358843
22087
611314
900844
913044
790246
416920
80696
85970
173468
568184
804063
523002
289988
617276
758764
704149
89795
565644
406715
92554
607002
642229
701081
249817
758876
167349
153543
460338
463865
607077
706334
451376
100728
128707
708748
174133
817923
440411
526332
912802
820124
866450
44436
837619
265838
953231
140952
422198
400894
149958
247148
519526
908608
902882
297782
10536
549382
779855
427362
180129
192787
166433
76031
129266
435150
397988
510022
485777
241490
185601
415931
842373
307426
912393
459884
942845
216314
543905
952215
832846
709760
484619
18601
473672
532314
316557
911968
606387
584857
40127
406033
846635
385874
689654
233670
908437
769166
73097
51775
907069
769175
883260
765657
918222
56499
977
143501
718829
556333
753511
849487
570802
951630
553932
227926
662723
308715
72103
654011
954767
707096
344699
609915
436964
650874
260121
313303
230510
951802
929637
808987
126029
512214
271554
137659
388625
230161
482781
481688
844757
16587
466195
846498
302965
729387
709824
612312
454253
12472
1957
143852
12495
583431
415093
707714
915489
614159
447676
818262
938769
566488
292844
784316
800981
75794
92998
527555
732323
30146
268514
638899
93834
555927
786267
151478
335340
38299
286041
743123
635864
303109
744252
245973
668296
546155
564321
379274
290996
515156
118933
331303
226000
539628
368148
606153
622505
850577
517244
833302
980567
768906
256787
455938
329888
778967
135857
439918
79082
292003
855052
766186
119706
573782
185310
256667
89933
619591
201589
266616
573425
431631
737943
981678
246978
699320
797903
510116
968605
370517
813272
229017
397442
98091
289253
536360
19755
313293
132107
114926
986691
300357
131084
831042
594757
31598
571521
834467
365938
901791
644067
885872
241198
499010
611638
221648
137400
927938
989906
520689
313156
518434
78223
152878
711223
299051
447244
935754
512702
430270
247324
35353
347340
64903
646670
205694
868718
300370
967000
546383
569292
846455
944863
823701
608126
695153
658342
39791
246536
166733
835600
999958
580404
445054
666579
232698
253067
507981
555644
784396
573999
723565
346776
35285
683160
428077
428166
982211
575913
673158
413335
124612
632046
703252
348191
476363
766325
586466
924827
385648
292678
112414
585598
461876
932607
590507
675994
309218
195793
872277
897448
996432
881745
678432
9460
689285
775739
187193
477480
565941
509386
338190
853362
626471
674605
923769
826133
844343
781542
188503
822665
416696
666884
183991
82192
655537
889275
615535
617111
364360
634589
59784
135556
716221
745143
938969
177442
221837
457098
480433
318183
206519
384421
836334
855134
82778
47836
725866
758965
516797
595303
304277
465957
669225
659545
214302
796345
528433
297786
820683
689086
96274
898628
346409
477958
661877
753335
342237
588184
80785
63577
604888
766071
377901
258957
41001
518157
984067
444303
590956
631669
195200
695818
395296
310114
502504
449686
928151
90863
295191
962641
475206
239107
366626
541081
540284
115552
460700
194723
454128
149897
851189
974331
721075
796814
69372
287320
238788
663477
59012
140571
17794
423047
406821
815844
446652
473780
819674
402641
661476
288035
615240
766356
248419
729498
745630
76400
869830
772551
849111
825104
421141
903657
153308
8964
825988
703454
56391
679897
732547
369545
152323
857683
562032
527391
241039
628233
561068
616527
225441
163166
769035
94284
745127
63447
419941
986936
60136
75870
773770
594926
158794
471698
807570
92076
528172
746249
227089
187483
533363
545187
741418
530301
231331
720012
779451
303346
693731
821261
154550
728615
846051
507855
887567
247516
152601
213230
290513
442895
6758
330550
204108
184138
922072
469629
199529
298374
209160
800093
866590
419643
693540
388748
594364
537029
41095
381337
873189
253428
714372
720708
273436
862064
233218
123835
305717
357959
432385
156781
757227
656213
120891
888845
798352
903503
698085
450661
474271
12140
848468
82004
434093
936176
219901
429094
835134
753494
469973
634830
695604
732633
279447
259010
284130
355551
734116
564979
254847
815107
938436
296232
154743
310525
425226
743222
466587
878896
345238
931678
607415
76176
325813
308227
394948
988462
239523
217670
137076
245666
334768
353792
584939
738644
554111
40219
265998
967911
592491
36301
273907
659202
266949
901875
908088
944763
499577
875206
560367
788450
154703
288124
759927
782056
766733
140541
970470
342571
574457
977664
998562
272031
137979
818178
458511
525466
243681
719331
260578
341947
515837
101149
429781
453432
553961
174433
124403
289348
132075
335056
227539
699417
659123
978130
968417
461223
741249
637143
386711
335961
586915
697832
928140
995776
597468
306473
806115
455262
33377
477421
191268
671185
842877
438582
840615
833243
460180
31368
741548
688266
875332
843240
963336
406600
204263
184310
468026
790209
286581
140964
526044
613036
804615
174098
312181
572025
664566
785928
358187
771734
988962
360207
737430
566109
824270
203436
694895
990941
584873
966586
164711
774019
765736
328483
445524
752548
744910
771642
200390
911530
463053
641592
461752
954330
9606
995474
739554
228030
863661
606515
686891
775219
823624
97947
231804
959825
405526
469268
835120
157554
83340
568780
198247
581281
398650
503956
787834
285793
887373
48564
503241
432215
217709
58280
879087
333589
270791
641276
590551
980035
538469
973119
580072
690412
93048
435943
675868
507554
188536
561409
902638
765263
164386
727634
112690
11546
683104
863695
855422
129778
574471
327798
854278
205306
911930
833032
379334
584849
890859
588067
50136
695933
34242
937791
700965
615667
478742
782853
614968
796613
346264
669127
752750
508968
242319
916896
137802
736481
886973
298921
416869
542668
729697
970261
894786
956297
574998
673706
23168
264708
264217
429789
320040
310942
688551
490376
53478
66813
810245
82186
778581
631981
748761
315195
627187
23025
518006
198026
927284
354154
8821
552822
711026
785955
765886
97893
474817
143479
821670
25444
535009
706335
67571
491260
902349
905436
758010
816365
347696
86205
593833
805386
965879
746830
558689
490096
145921
38877
828923
333412
867763
147498
793068
262537
46633
585834
798339
691450
10823
244984
12047
528586
1389
588825
106781
487573
467465
935786
702622
653123
491078
11688
698344
200793
761826
294300
423699
323515
925533
157857
215684
522050
588365
383059
620870
937718
300430
936086
558931
618856
864855
312448
559091
982895
812073
927204
751100
193213
760864
811004
987831
747933
176108
810802
129251
762315
531289
58571
301843
773295
49609
588529
404722
826552
216452
957275
109735
9937
735462
108187
80083
335939
905399
369603
60215
651111
676952
446965
638131
706118
708696
655110
982569
996175
946470
525839
829056
404916
596513
865424
302085
368033
649356
950144
974763
222617
735837
903157
974387
269615
495860
257644
112423
517727
769641
528438
380288
970695
238526
797504
515239
590661
529459
898941
152985
517806
326969
800498
311203
859815
856126
548573
125133
581604
983399
138755
857683
307131
738332
244501
178126
373796
741948
499198
214194
558351
307378
113804
271280
801122
890975
379000
639100
648270
979127
24979
705001
126541
144552
66447
156783
678394
522100
860776
68431
614156
947936
612269
686669
177776
696004
841327
829084
257795
559939
931077
705176
772585
948373
407480
910637
497613
96704
328338
122389
697781
635046
690686
522558
606528
233207
680668
213961
135679
232838
809892
115119
903150
151481
934388
347966
807758
659483
484727
817921
650400
897484
644468
677886
80447
643800
851632
747353
971354
974884
183873
544278
852622
895044
972145
685500
898076
329962
886219
438165
128076
964090
423365
652561
8157
387257
606665
928970
853671
960611
499298
298530
525647
888283
198400
873288
458855
469501
969831
626522
641568
354767
643834
187940
840428
400855
51616
54215
156276
420166
142033
369589
970675
603410
454015
111321
709358
284641
675811
837203
311312
759393
562274
844769
978277
686196
563484
228249
614707
352393
747474
959955
857713
650054
618033
541859
786789
176737
378239
146499
71517
273870
759777
22544
770569
904211
96006
913579
61555
227447
596404
315648
22877
856920
644717
384803
199286
590300
112829
254806
817464
556800
598947
207975
148129
67212
791450
780982
139531
290535
952515
983061
742762
431495
458800
124680
568930
750528
60367
727531
465667
967614
450609
227059
228322
541902
71286
458636
358805
842966
434647
927650
593418
130405
925008
570812
585988
314725
448424
642498
442676
713581
953118
290655
714608
347891
162738
833473
640850
539743
595277
63933
473712
669242
456013
136528
288243
350341
603953
704193
72726
489958
806494
50594
259325
240957
256908
213173
850863
999126
488592
797802
832690
572215
36550
26694
534402
952984
263258
57312
178413
6834
62131
727686
898702
837360
634237
630332
581732
891522
971346
52132
227598
207889
491205
229369
350437
956237
408970
509109
956662
136417
441797
4627
417114
245320
44525
359599
87604
919865
190877
450057
837191
781054
809207
513448
174385
4067
447541
547483
477640
5385
62286
280026
421968
932058
596353
610828
691670
365718
734272
107490
642475
252172
838268
304416
179264
788069
155273
134140
838747
447579
773039
944799
894900
671559
601100
370760
699758
586839
79849
382160
578933
535262
728471
791624
798704
66117
853509
293886
624803
629151
486882
534111
462501
113371
610473
163382
445176
750738
285966
949138
883338
38784
30083
444742
789831
267216
378471
166026
204505
53264
71308
17087
458685
915652
833123
624656
461059
524822
411974
572276
682594
497643
672738
261584
604277
179728
235775
782712
425686
709267
128366
949078
970774
955630
274830
569635
591574
396191
606266
44819
197317
872403
728082
856718
152822
408064
196197
749144
796060
260498
585016
365393
484325
565437
7094
603288
726129
974193
492531
712203
124526
289004
631838
744426
272786
121449
100995
75674
80435
154422
403195
391045
467846
576355
336625
611486
791666
537430
14481
659650
865296
237052
126926
317434
594626
190426
975056
754973
170093
303745
891577
567635
936020
998304
537811
398708
90194
151603
642520
363662
981172
990106
292381
804678
187888
222916
120475
900117
759302
856458
465691
192628
153970
273240
331774
731795
87371
14534
416934
78658
743100
915717
237509
306291
641500
228276
812544
158742
886955
928274
754431
980772
34347
775310
733267
159992
902680
1147
517893
764631
253382
779743
983671
88656
34519
882538
342841
239167
40149
152836
183979
50539
128370
939007
447114
900559
29913
422124
294873
767990
778864
238985
79084
472191
771053
933592
660244
296832
834002
623563
234722
323527
627462
294875
554074
394236
941330
564023
152950
522914
315572
146074
835283
418492
126691
760821
948540
955212
400801
763468
562386
359543
218742
475421
772308
62852
765518
169210
998737
759683
458929
475704
618087
854026
297306
645184
779254
59419
809079
959042
397223
523425
691388
320266
52243
88985
946148
270059
239505
657358
756870
387095
110687
128444
685328
814224
860203
689046
983522
990713
638975
555299
884041
35974
739912
561539
880662
118419
963649
309584
771227
458896
804033
732448
826497
556889
832541
674534
158217
470819
640699
833592
362589
886674
783796
550955
732178
203368
674085
925530
445181
614105
158291
88966
44335
954746
350328
712791
319246
61783
353902
311169
24017
841827
405687
188418
59415
117322
146983
254215
996645
913507
240942
627246
992378
214081
386822
670567
844049
536169
850677
713459
918131
496861
328127
119311
181238
952791
540908
521578
463125
101010
595697
578833
48749
197505
439998
856107
977234
67171
245027
860128
610124
77806
357664
930006
479409
744872
131527
774355
104224
728981
24912
532870
604951
833291
206073
760929
210738
477089
343192
881823
826625
200262
181823
611171
450500
429869
527946
27393
496902
918374
325063
627861
206803
605960
934403
466321
19414
997003
362285
841749
447316
666418
957161
343287
148415
131685
979892
120034
723448
561501
357167
853274
551908
148088
149642
398685
606058
47468
58574
204453
520774
420248
696774
189259
668941
873462
773771
985029
807805
803117
402347
514448
43136
755907
516598
419817
794494
236464
978340
526964
423835
961165
929510
412736
962324
662187
802504
62178
575473
564865
751871
455038
718952
19261
948501
729188
543054
24507
674734
201878
333690
201491
811317
904168
618872
62349
451816
55488
291431
46576
401278
205501
848560
524472
459889
121460
741667
822117
229611
847062
692015
675184
10641
217453
820478
435033
737510
251909
49259
664987
634270
881959
588961
395009
795648
725313
239377
986706
17590
93665
979279
482664
700212
702560
909514
289695
93507
927259
415782
539048
686313
829853
383032
451965
450359
192089
96733
839663
617967
576850
851639
798235
208079
58589
934278
199867
448574
912638
313182
459288
585106
843056
648202
346717
194492
754689
617854
433672
541713
366425
682097
418873
969077
464219
832735
452973
185318
551843
353689
382212
524514
511280
11335
189374
582838
457499
782012
242180
626725
596549
540276
840483
395761
888208
489133
848723
919689
333188
730846
781621
936014
580241
270424
244124
487363
257460
294136
787907
841810
853554
952838
152988
195445
170625
86190
5128
258439
90182
1497
127970
270632
948921
281830
172661
782086
119077
878602
960398
999055
126028
710529
816173
712048
469672
37231
718421
944648
868299
144792
88067
229486
170216
602616
943931
218779
639210
864065
529405
892726
19842
755695
230231
780155
419262
577353
655892
277510
270549
255926
599442
410690
296511
892600
116721
461545
893569
107530
895143
167286
302406
206162
956273
354223
440553
14979
514212
730504
196880
922579
990818
403382
263794
347603
129256
317458
357752
361776
638339
447973
779137
318212
928290
859542
129664
516186
396103
10477
423297
315645
835928
509827
45577
872187
220626
56456
137498
848827
782749
23153
853333
175352
465978
519740
933882
79833
88280
713953
94027
199151
150598
194135
404368
856778
646915
816191
857267
94648
306
752625
526411
79131
953386
22626
843702
272550
897449
343855
572254
518580
813352
322888
899295
277381
58249
787964
931583
287445
84269
788444
272027
634523
438370
840847
330851
813275
432825
274930
17788
418344
809270
791081
535684
153338
198113
483335
224178
957735
245498
676502
968218
322306
759497
156803
961616
533261
21459
993449
462885
89627
521193
720184
189645
807687
751642
566401
100449
591690
146184
260386
413183
676413
313304
465993
818255
786412
250051
517734
442081
69715
45706
652081
784946
951352
314310
725205
944398
148196
93661
873080
107855
994495
982097
931240
525251
939847
968690
749859
279851
975597
894708
889922
666016
981580
57883
944964
410001
853063
619538
224691
455207
903613
652060
643573
230217
221419
825826
798706
441339
14559
4778
375516
30113
255445
114600
23775
323746
663920
443887
43687
736232
333974
347328
799049
275331
79400
616899
846863
268269
643485
399891
603043
389288
183930
522740
582230
54852
283248
597344
398286
66813
324882
481726
309450
617088
498865
457076
514067
533006
293141
788435
11650
935738
595803
293169
122600
821900
42278
548757
477341
924424
925379
151690
515304
130184
19165
685910
13192
51974
571097
885765
738525
807222
171343
460126
343670
835024
619750
659895
399416
832555
384267
325860
328487
464517
251598
481995
257172
770335
49817
946323
450595
885573
981261
634811
806136
210028
669114
685767
780030
773619
616379
339732
502867
742028
37101
924301
944148
243700
850570
418422
423680
365470
173669
62182
544843
56238
221828
873490
244738
158944
186645
322563
20949
887049
402511
221226
506694
467510
23270
365130
530989
17201
599082
979155
29221
817762
274109
339407
793751
824017
876015
382837
561248
926025
922488
650971
191970
809432
915793
906377
937508
180788
810223
155433
800679
894072
54941
442970
742790
936715
793781
677347
403208
562017
509626
901956
147718
959003
923733
195497
18163
138250
859370
779704
363149
403409
651031
69321
59231
944040
895753
856245
751280
70717
34234
768455
154956
339701
55819
351696
761644
640912
66681
883799
946884
479402
270527
466796
994218
166941
40200
241821
861726
113860
547472
494018
423482
713883
520598
706931
556663
682370
345984
180506
200025
171040
585739
935971
499385
340900
569580
78800
498925
385959
338760
231656
743765
987245
501197
915599
57733
216523
389547
218609
816650
578210
418099
412056
257051
152521
964298
35294
283038
316425
794249
886652
600723
597505
974133
660544
725601
987370
65942
76317
944251
589493
625270
951837
814639
132881
889719
857585
589131
497800
618705
860841
136748
253321
840552
126590
264612
4480
269062
500685
384647
719777
343866
469407
428626
920389
968460
322211
111225
92139
396699
74749
916172
175135
20566
384375
172101
118456
142355
644053
211056
586682
349135
948551
222775
214108
696899
550072
142025
673957
390303
735620
512039
143920
870757
871174
424523
511310
772069
32590
325173
629386
400337
303410
701011
404359
231484
842236
162316
520070
474612
735489
85353
672452
609784
949265
457696
257600
565464
210314
311615
105370
832232
510471
338546
491863
214752
396918
868784
807041
701843
615559
917320
84972
227210
395009
650244
257043
79997
86191
984759
502240
196397
312247
634536
420362
841760
321418
495323
604825
12154
584951
379192
689541
597301
650715
95003
294460
721405
783155
992951
369859
950315
87122
387175
945140
741595
552749
994579
298725
593068
54484
484603
24233
2259
975675
271715
723696
242332
508023
417115
193546
731455
85700
580586
913032
364827
596226
927895
163971
425234
188673
787027
315830
336000
565617
671494
646982
644312
270844
747380
678307
480029
203567
123084
492678
94074
692819
815373
87130
768
878746
695189
172855
860666
114101
253832
623305
673325
377155
142873
564815
452657
241251
649976
441536
685670
262890
956184
667080
188565
546480
275740
899887
131749
136325
704157
504155
655991
282497
363546
285100
618782
493049
350525
537669
176510
668942
751814
906219
332032
362655
108183
447109
615407
235038
632154
914947
204850
454848
96466
39195
67302
579790
477245
855855
654487
808665
279139
419595
710876
694027
820159
69706
442956
328088
688454
997784
46752
90578
445976
579345
287079
393500
305090
197384
289056
56886
37294
984869
963895
369464
492136
75558
893791
252698
591693
281286
294728
507247
389394
545018
230910
729202
429806
251736
798110
778617
680294
405075
35253
356934
719539
493857
298614
524029
489169
484797
900248
557679
452902
319944
855946
184980
734605
419083
951828
873752
618495
142551
513163
438284
839838
209485
629680
204093
899293
347578
947111
588962
700238
997018
909199
32751
888265
641534
523522
344198
802358
6280
182698
38157
303736
915282
219518
945562
931062
913646
957400
120075
983495
643464
867893
603827
941306
416680
573832
488687
109375
566548
102587
122390
581364
165650
463299
319566
725200
299275
458142
394620
708454
29067
140012
81619
219223
46885
834855
38094
414871
223540
540929
630840
615258
747388
514073
191016
734682
811950
692569
937291
347848
782346
166958
578905
223116
526495
320997
980970
462011
495086
204831
30881
330325
734061
711857
246406
538423
826407
715738
586418
198499
721920
871777
928675
368874
604311
94539
412336
134836
419204
443190
180438
198252
524800
73430
903280
550602
996580
945097
244677
747134
766282
647576
995324
512438
101840
597900
843626
47180
869115
725995
472140
747279
324663
388878
927184
957357
141052
279584
695309
154426
529741
521653
987412
851807
275867
986116
354078
280097
754182
10947
449060
145933
533507
500509
405390
415934
952344
915923
705475
787402
947716
926060
142047
12047
396989
222682
315459
132437
7377
115947
904965
465760
295534
494568
826760
173077
884029
970318
697511
879750
691304
825510
437579
212124
603453
651011
900381
257248
494506
403224
38804
294758
275752
293299
721967
266262
670901
239578
979647
758488
201593
475905
432092
624284
219722
296356
481080
156163
832011
489223
349712
42157
68015
886984
57406
937696
287387
990173
819244
579281
578602
968560
752931
712275
874954
721428
753729
685657
300803
228578
301513
815721
52056
930037
765204
15648
188038
980542
941542
69212
910313
952516
921820
482953
437502
745019
177025
806795
713795
472448
955007
247877
556667
885487
905394
979524
55822
328290
