236040
846895
878374
376411
9820
475142
22358
119221
761080
615224
78905
279501
572445
39240
801457
932991
531532
44233
440381
331269
205545
382592
287028
243561
389003
293415
317086
744724
256163
771982
16303
633668
501766
504028
478241
358300
43608
881972
661613
683413
686359
405555
223461
39506
757761
151765
268913
265234
882339
883255
57316
571199
354816
575543
470202
549219
235482
617591
304368
234554
309919
251649
977792
147298
511411
430276
193272
235311
362582
466237
424310
996763
653298
336113
840066
147354
213188
692502
254984
678476
532132
70738
665840
410508
981106
296411
634652
156645
173407
50621
250878
262757
626197
82874
626131
978057
176068
629515
998399
207895
741387
891333
259974
550219
902207
680215
842916
589481
593562
242864
890955
248881
474691
208573
188407
518833
496821
290576
146479
231732
58319
674332
637209
805016
287673
797277
589562
700158
542061
807700
324490
585946
185769
8176
780400
211370
943408
579272
562591
919171
304567
129477
221580
595206
811955
695069
489355
16434
603132
44666
34629
977235
433822
660089
163672
714073
757693
212365
974411
651843
672866
578436
499117
512698
174374
988386
519049
59962
744633
613161
205831
318251
176720
540282
169570
912910
403945
120085
587329
498899
647868
865341
790005
199815
284736
570039
488590
881706
82582
642096
670490
467806
146198
228414
104123
758396
924469
104255
127012
703681
678160
751454
245872
196710
307863
75700
973663
22093
292184
705418
720813
551575
976359
763197
266384
391762
675624
295675
997007
711440
67961
354921
33722
12691
130110
39271
311946
423652
423434
315563
410901
463171
60710
780170
419757
104760
266946
254677
64151
622024
605750
656160
616163
44611
820851
210654
130669
389370
147338
604456
818350
807311
334424
465180
746303
392100
361678
685666
458860
614453
386073
568586
634353
37314
583922
272913
336084
601060
564420
972163
411998
43137
306228
746618
92407
721499
182866
933892
513053
611394
64348
774691
554369
620522
314537
6573
119486
430103
835513
640724
662390
575925
657558
967360
46987
652228
304870
455768
689719
47856
614736
878752
700937
754686
513417
144253
417597
731747
672378
866195
271926
357807
269136
289423
772378
148646
743647
988032
57546
158831
878516
43232
708349
895846
411382
42673
578872
559692
978103
649283
407084
198750
252893
809874
456811
369859
22759
370060
387464
907998
921694
233455
778827
74180
523867
814801
528910
76359
124719
631674
431672
774577
352690
350187
14739
970701
211179
24130
958667
953887
594905
120565
176389
844211
292124
522684
228825
922898
887171
333451
286446
470930
472499
284733
899889
388933
422640
524876
920306
583185
941707
593149
245851
155040
342312
222169
734477
123245
580139
530069
317400
982847
584191
930707
712215
733363
282818
515201
15462
643697
386832
732511
956546
478593
655851
638623
111803
469046
58308
776293
434776
76424
108584
233262
16455
712256
452810
775821
516735
597068
787113
456783
764980
531058
835102
323136
855990
455393
698116
218567
225959
389923
350788
365228
330327
219888
559803
856442
134398
599580
94475
711168
913173
9327
101499
199025
107345
68309
528588
552811
988861
620908
173017
187477
66802
965947
832169
9185
672438
277123
738965
140721
49967
707437
931920
420565
555394
868834
310104
16755
312205
245178
657464
595392
376637
206220
228471
212586
147852
837796
531617
339544
217050
219154
693935
935113
129575
400799
95829
994585
87595
227611
696681
30370
781010
97298
315499
131455
66647
17565
602037
33068
479932
720916
568064
215945
397539
691105
131280
267709
20749
684016
355325
768759
985708
222914
69920
52176
652646
339809
349974
852237
719017
818798
418612
410624
933669
682134
299335
342221
217323
117283
94406
554634
478816
861486
458647
333760
304605
88626
39354
681295
416743
743549
799254
739182
120966
158080
470622
892559
137604
676037
347680
535904
182147
366015
814954
583854
59835
275325
323865
85092
406864
536313
309375
577714
934860
848781
713712
326409
480382
77573
575977
388930
377198
677391
380894
551646
502075
555983
2847
124008
997972
365839
5734
574775
523471
75348
435967
169744
162473
849548
857492
391272
767579
271395
41620
58182
877269
5108
779456
886343
9241
285916
381906
128187
952439
508715
922762
412333
215073
271860
218582
625409
59882
227268
164637
358005
293343
214511
90344
918346
292098
277317
780909
274620
864479
243364
371450
881772
200526
679399
780410
843551
385028
754748
422119
931359
364629
152596
493005
783295
812554
873075
712375
318268
646490
414951
206456
349183
33033
370709
148439
703487
969690
85359
544920
949892
404850
115265
56419
155782
195595
680811
86868
658228
569233
7273
364702
473232
769885
863182
474076
838455
297483
191760
517174
132095
20666
698812
749100
776313
663071
53642
690434
758485
497990
382859
974408
478309
411943
276607
494213
21946
81377
870723
542208
325290
625173
6823
871786
597492
557666
242014
148459
381370
180408
757902
393287
322220
993179
288456
649389
800774
991478
705617
986524
994095
811801
967071
649586
425666
55569
350047
645779
790762
801507
622259
288178
661479
669989
752634
799103
443437
151288
32967
314349
581035
711653
331443
46623
437865
889171
945037
278766
259914
319522
122224
822041
173233
667624
922926
64202
431424
365062
380584
562433
335356
854118
536319
217375
455244
468051
895461
405713
620512
476532
289037
902039
293359
285030
151297
625584
773464
549301
704209
878884
692394
716407
312809
572846
167935
757830
949052
393731
12355
115480
30813
291459
199251
190717
90540
925563
901120
276788
311085
923285
401394
833257
645876
783773
945961
951119
963261
696304
724959
787286
337496
287939
584330
97161
640705
674701
524029
844040
792269
393362
153262
14429
909633
385678
185682
442364
446653
422010
994981
850267
275414
684605
610054
467820
352705
839026
8638
69364
215786
594642
374625
914825
941092
263230
930893
361900
566780
326572
558991
200576
728614
36779
870630
160231
521497
373268
726239
920632
641718
725199
181087
695198
630179
95295
462975
581200
704311
860427
830929
651496
518286
27594
333697
722915
328507
207178
371543
11252
90973
136957
381977
44421
349066
219329
79694
317067
185577
733451
280093
593028
133980
347375
960019
550096
1178
1230
621699
456169
1498
813212
876039
811073
201899
764044
846245
334327
936161
358747
157070
470325
248105
873334
930688
438760
679230
718345
179722
363357
738996
381478
963503
898613
569074
49997
748388
986053
523453
742558
100404
150988
428975
124632
27524
904337
822662
25869
183536
806809
114584
486436
402835
503298
948836
350858
315942
19519
734532
217847
550272
655217
628224
692185
242619
309150
449916
971679
732151
845136
651729
858147
97400
632268
108856
170292
390443
228142
570914
353919
750598
411230
834470
79386
428556
493169
711378
809710
764848
228190
958434
172158
609041
948698
268175
967448
823844
508435
994238
190550
389936
800390
863321
894865
1778
637886
391739
110564
812448
507306
721221
821528
32331
693145
941838
425585
966045
171860
803767
333588
453442
465752
932636
21331
649892
367918
371238
474903
640206
153641
928509
462889
75378
557244
609819
128925
807622
913653
454204
825819
186760
873626
537585
690187
702754
340126
213588
835356
518890
535616
374998
469426
774400
589377
133812
958058
627994
382912
413192
963275
969885
222131
534908
43338
302177
503556
30425
777593
866903
663686
68477
496078
56839
601618
572011
798284
639217
538178
445821
39376
459285
243465
316852
724730
43279
526446
347888
980982
470426
251619
199867
134502
814261
38406
503871
99630
990050
288499
946776
508507
435467
374532
678532
566897
68352
434022
32823
39183
1627
460953
924300
477249
440325
168260
696341
364258
319697
584178
647187
917740
170374
86061
21633
723294
146490
886517
105099
208904
962457
817373
750236
602870
74053
434755
746453
326967
108375
82282
546329
506953
798404
600886
829573
113442
898268
463491
500605
535261
340011
811169
155937
381568
825026
317232
875935
17126
648528
753557
680483
513933
405225
306070
309033
318142
809705
481112
209010
970069
873650
382194
439188
182380
1104
200429
605996
627432
452030
913498
337968
692063
310210
348880
149727
566821
686003
365953
310361
336498
285979
142264
939147
895537
675063
686066
931394
2727
733979
220054
884385
850494
60658
10065
897774
933806
662115
557906
298118
294727
843600
439711
497
349213
810296
573395
623184
527120
571708
65269
850099
217270
691519
14709
25351
321256
840038
69061
479340
762982
328831
779601
440037
510248
599229
533917
779049
411074
31969
917114
203798
947762
324725
799077
950021
133961
362675
227132
675256
357812
645058
386910
464176
258919
131424
452253
519324
242917
249819
594850
727787
496685
131193
183710
728962
997828
893495
312617
585865
770652
130670
846009
76448
471070
584530
693248
182000
716377
308245
471649
231900
213894
167593
984721
779605
871095
600802
734023
531085
105052
837881
789791
554179
962482
288749
873361
850621
56905
106371
926280
257300
424688
547567
519266
774825
147391
90699
135363
78261
973376
313796
446742
749886
363066
749780
845921
170790
718812
632745
229764
407070
483971
839013
275790
987895
666728
905343
604860
900377
24809
549510
872847
672460
457714
917254
620745
167604
570760
422531
776643
55834
579442
88994
70766
159909
8836
316071
504612
80487
320649
589017
776618
398931
788620
369602
702469
828557
917123
663123
303669
541722
953753
535012
181459
224054
132695
271192
600770
747141
508654
599327
294357
655585
733155
283733
994429
823506
697815
696967
166893
444955
639922
279126
706764
461489
43052
776053
735510
738567
432119
848781
419344
783364
670796
816255
520934
301654
613777
581705
4258
948960
200292
498754
66635
106831
473927
660479
795800
729290
464360
66648
398223
154440
116299
577285
555199
627323
877846
42209
431702
68074
895097
140177
883168
30044
93240
104958
94237
361072
712982
599933
317181
533258
218463
492560
679738
717288
520083
865222
681618
153938
10346
229629
434976
519728
304840
236936
222166
346997
439615
735979
186521
859833
449851
829763
665017
370917
672078
562883
446284
805320
853593
467929
687654
319302
185747
368495
689462
608175
180793
538829
691456
144238
720402
949211
862002
101080
439134
866692
979238
536740
123931
211191
2995
750010
75443
161223
769392
559908
803461
402482
221255
968033
122894
493887
263473
949144
86964
985920
345811
569002
887471
928887
630197
947552
163220
59541
914395
314307
20095
456670
864642
526347
128221
766888
882168
179695
33172
782785
896088
397147
499023
494896
800545
908480
476201
897748
436979
487877
952373
635882
22757
61275
184552
423722
150533
165230
428324
684880
694317
366519
943329
131640
340478
165486
442554
480098
436732
626269
643858
248342
23686
155216
729889
988769
275760
407145
546591
105469
608255
569552
104395
618510
160320
341895
470552
619593
112837
985243
916213
144367
142845
616182
37687
36343
19055
26450
627686
708618
273427
21576
39137
988072
272141
439174
709422
99944
916807
642079
89570
431900
470121
346941
807785
139347
297272
800881
551347
179256
415176
72363
578428
545751
665247
615685
822261
767744
3944
20025
383828
554692
500496
575475
824821
170268
975617
124098
333291
264809
425977
98536
582504
475863
713350
503312
966980
808538
681568
386079
558189
838170
813283
53923
447468
966507
191143
290792
929296
70261
300158
689577
135609
547763
552969
106340
332738
705623
714295
759110
492876
562634
203483
224774
942628
805712
253673
100750
161488
491658
4110
242195
645243
685717
530793
114053
231098
938384
888105
573666
909050
110652
486212
630822
793289
418940
561232
5853
588413
175419
7362
434456
160452
919788
431682
255742
883466
389805
493479
941434
859265
312453
644820
502226
19152
528652
441198
281624
680154
2986
630265
205497
249641
335991
291790
197362
981111
480066
619195
678051
932633
196525
866871
696828
700552
99317
588992
782931
873486
833808
523539
281816
419082
425455
107463
646048
813535
144035
621831
761245
537087
439964
447402
221615
98959
623884
986353
658963
990968
545449
628444
481849
456970
834194
209001
960436
534860
86857
266154
73867
216804
781151
810370
608812
205471
554989
934076
625856
648350
450878
217927
408922
643550
713418
918354
795529
266978
335901
706048
31116
334015
72663
878472
729573
413316
196940
380908
802822
615044
65675
641108
490600
383297
218428
405383
187131
41718
107811
775429
140536
779457
185729
38467
348882
243179
90905
93955
412618
577301
310416
140624
742882
239618
296941
399123
287081
568187
981121
322965
534389
85603
467936
445522
788655
780887
911245
123318
701320
775425
797428
973815
898890
736826
111440
716814
218697
476121
333485
109587
17208
302877
693256
962420
237655
497522
617362
401937
970
563747
197587
617655
874694
787357
619
753464
482276
809948
679604
726116
185304
214837
711236
334566
293435
69310
919183
21372
555588
970653
721897
65620
260373
532716
642344
327936
699633
632902
845800
591830
890892
92785
397096
239271
516923
630824
780369
327130
57419
974339
450903
559716
13933
595973
791224
377189
997646
708866
376226
574434
163845
110187
572017
597467
335590
655480
982
56073
713204
424624
936595
502262
234355
662168
45090
288376
897242
64950
24758
588491
283751
176448
505305
745354
280141
518630
470068
226186
359305
761465
716013
459411
368722
462774
570091
458812
980527
192307
746997
748130
211554
821797
866424
700741
736770
137548
395239
230847
623398
546555
656253
827873
308989
36167
498718
823787
586939
347788
139035
563240
913518
48279
143188
719908
604271
984115
662648
532811
935859
811923
475944
329760
194689
138137
60282
632278
593982
425601
28698
834254
853476
621485
142474
940334
983057
557389
874377
855898
774076
18474
124114
219090
528322
40848
580923
845288
822239
154134
733502
438236
151992
178635
594773
338454
318420
677311
131198
136959
868971
872107
375774
510716
654039
908350
732802
431688
350119
589508
306752
74348
674003
18613
206524
728670
186313
546520
114951
697140
496549
468818
319073
210755
387392
498959
65887
182040
736416
87052
806312
252626
113869
895678
321561
808026
373827
792098
865864
468673
370435
283618
697574
507956
89924
579105
586046
624030
13319
755171
196250
324123
638152
29148
594436
317524
169296
352084
410730
175419
264167
242355
42779
175332
626279
206510
55598
372671
578604
987470
907969
617006
908200
925466
106079
575367
548435
74593
774267
657831
328639
552550
893273
152305
536265
838120
12172
910434
564268
251660
263770
548306
959535
759337
133819
955850
310655
777136
194816
577468
838039
779574
774993
754403
883803
501472
264079
167800
78021
729578
610520
280974
7734
743956
517288
292811
189870
613097
532061
445379
794775
975085
87891
165810
796283
619938
971885
870294
428695
627127
314037
522983
622791
716110
205339
606068
626656
354088
607002
250139
311196
888048
593272
985381
801072
962784
329964
512380
622202
469780
183449
442057
181974
689513
538297
318126
885008
812817
465493
43165
503859
516407
749744
350739
700800
362249
916356
357045
6907
570215
726244
951109
677919
235622
850560
966337
547185
554817
42311
870296
49009
539740
571303
609802
967213
714550
438768
157659
787057
248620
466006
260851
180313
165092
746005
315733
512967
23516
608047
599610
251375
295439
501009
139081
889935
36161
425876
199030
760124
147368
912222
116340
576984
524983
329385
179352
943392
728839
439132
688908
343138
495204
913493
455788
105163
865586
422728
687104
949918
211195
588609
128598
472961
944854
36997
388860
967346
222772
719446
671127
692887
128778
666070
624291
559730
153367
902659
149704
932339
547921
285089
922133
660327
983472
427125
511899
412303
523094
86061
473513
304395
879513
861725
751647
400629
274287
800932
695729
72459
117749
277677
676730
709828
329116
469841
668218
259
923888
374938
995630
170153
247878
671139
677899
999301
418690
729115
93526
647783
735554
361128
845858
75666
405355
933800
398311
888271
315406
176402
318844
16670
974198
156219
750002
135048
709328
273397
750668
160080
14455
658450
584606
407751
89180
418438
940929
885375
629711
480490
410096
845847
654828
634205
548226
916853
470564
468485
145988
526035
302055
535667
502706
345712
212011
180260
529362
24230
669852
204260
659182
731163
316000
48782
939948
435729
41029
523182
315787
152473
754506
819591
487932
915685
501767
833584
391707
336186
588665
595737
159176
161348
747886
863595
327974
777795
795657
262094
941232
183524
302259
752772
672819
247211
661791
305266
566188
455243
720375
78975
711742
178200
765480
959573
730639
342355
280775
487173
801857
704677
50526
748039
512840
875239
678744
832158
825901
122014
469828
164954
216222
340804
874825
137591
529711
894273
666727
31331
914993
775097
94949
684189
449581
953726
331101
972281
797310
165734
664608
249600
383624
501368
63495
20340
478169
417408
16343
492465
934682
615042
620560
291438
257585
531275
293842
880803
413815
207842
827245
645701
668049
354846
175811
76141
244781
90065
50012
565718
958619
175522
660422
58885
539909
250553
244071
606211
496205
743763
51297
384646
523201
770805
896096
852782
776701
922877
118979
981611
833502
169299
165796
39099
709534
125055
899078
381073
30865
913877
537818
80593
385211
998731
315246
278968
754764
794667
304051
757721
875513
234723
551081
650818
322103
968570
67689
644477
813526
568605
685198
44914
421241
90712
586881
403562
562734
284384
866336
460142
142766
81420
820939
996814
946674
788772
817163
118973
701295
161042
704670
788826
563248
212213
473699
278473
922256
717525
552030
170048
638544
147696
295081
263198
206875
513459
424824
230901
352723
308420
561671
485672
856727
380156
648546
626352
459156
905138
86864
293049
177733
444211
340701
151529
58504
653773
479811
248832
229598
659786
304437
469274
876159
404795
484999
935058
746584
280746
154045
32833
684130
386289
238062
31652
839264
368616
78868
897819
861813
743737
666803
636814
351839
602193
225252
490154
46228
107247
272574
233865
921975
668126
693791
614704
591351
192447
779932
935153
241797
754752
676611
583089
339311
667113
665929
910852
985374
851093
983573
680244
358248
812541
362343
29793
768083
333744
884391
833794
42599
802591
866758
780042
395055
231188
879059
461669
16012
826051
652956
524577
62837
560505
870398
12010
80910
254385
420236
140654
936868
641542
342872
780319
584899
735874
435233
496470
179509
385940
556249
766869
859095
996960
783697
138853
161177
900721
683907
262814
402065
845898
907964
308869
680765
56154
747236
972175
856595
337229
709611
426564
735239
162303
975058
609663
97241
889547
32723
907666
658711
877314
583598
156102
561654
98679
528338
322431
286345
575351
842084
274494
899804
189783
267054
438337
102064
428069
806247
943941
755346
709824
227675
3372
638298
266628
474999
747577
464701
899229
946995
631607
115280
731197
258076
921018
183130
893672
508477
551229
345556
330028
388073
325802
981247
321775
446568
890617
580706
734369
480828
840944
202399
107600
866510
346824
424177
543193
652474
853680
748804
867772
864948
948842
928817
346633
857877
942612
996245
616183
366918
377729
736397
500244
287687
444870
601295
124374
241565
708113
480232
900303
362582
591987
422094
996991
132218
791998
408161
746307
212176
25097
910147
433068
948297
416848
119248
92075
908174
753912
507132
540200
108641
38705
158152
991793
344754
382389
740385
877647
360577
282389
433141
969834
604658
721138
985746
455314
54896
44989
609989
384492
372711
278476
587568
34857
769547
501889
3942
380282
663052
42083
578686
640899
196080
416474
649097
733277
676059
266695
34464
170696
431601
327550
670678
744044
688978
7073
399372
6986
111684
178586
565732
732548
558319
402548
230222
588357
609921
576022
209854
48142
560113
22174
821758
271838
840929
877206
914463
871101
644957
81750
402827
545766
144641
218038
781942
205263
411831
545389
281907
24662
464796
295499
98851
589898
616260
283215
61832
302162
343188
267430
687543
718142
509326
863809
435500
425832
938922
762129
709431
919046
441183
650978
222421
821136
785985
855121
654362
721032
264260
115371
177289
257898
348446
105636
524870
478258
768651
313329
245538
935173
33898
306306
617622
681661
704901
985375
277707
480852
500526
28446
312726
556140
998724
915775
230017
302456
843349
237028
762052
81483
390365
241072
884115
178299
804653
963194
600721
803057
328871
921006
796258
736208
601702
204416
719198
491904
179514
537934
645345
659030
163728
671954
656511
478434
523249
943360
553685
299284
879713
308866
273402
942603
678119
886414
376533
956924
502445
196640
810696
947259
343933
272537
349706
264105
195755
704116
532179
545211
360082
274721
837040
170082
815990
679360
651958
75804
460873
958139
497747
843543
88265
671680
623424
304637
215558
290842
665811
271137
787329
246187
650736
610308
194288
940296
78623
665475
587679
342961
747834
339489
278064
432107
912701
891565
728707
691708
253248
930448
393392
659907
803712
736565
475185
728945
358105
374997
239709
138280
507920
166366
695951
226670
5708
257919
383461
113933
21285
831826
226788
490187
551445
249703
306937
494657
555596
687529
149147
415067
198047
395248
510604
21675
769248
26274
706429
790313
25288
171974
967249
997451
470033
492583
233722
363325
106785
973601
899584
998590
557216
112459
281184
80535
849706
784257
939729
389880
844128
976588
568418
422192
970073
91952
492734
178120
712311
165779
229522
96445
206740
356357
434245
997401
195866
748528
232102
656749
483697
715357
250404
18029
327892
874016
308406
172776
255485
391138
544667
436258
577023
709449
701627
923472
823666
907462
839149
440815
522248
85754
26642
219329
662142
640326
54110
258021
226159
951597
887095
649681
529794
876008
37493
237487
239236
66759
944650
369106
146640
424831
808059
400852
893739
693972
856652
26957
226668
393572
836090
338674
392536
13645
126370
965447
130636
875196
831807
268354
18003
46291
910097
292158
160088
150582
105816
329816
941813
637491
288959
444778
743849
917707
122582
761122
579113
427809
982392
582142
718157
311998
323532
268838
640491
657599
263078
138085
695233
879964
812621
692870
323083
854677
810904
908487
853173
387195
428721
957564
425515
596376
724219
838595
197068
610300
15632
10912
179580
631397
7523
865653
635416
968394
584709
787231
257669
235332
327683
802479
353825
785177
572716
838083
928283
918247
342128
360705
80479
130538
470179
731055
444777
701482
400417
451762
11131
400515
653900
752418
123754
804882
407793
399750
484690
593529
583817
346033
579945
704208
384283
410104
87665
699369
591422
96206
787911
398141
526717
215743
923161
632503
766099
967941
836277
928029
252821
209482
774332
371863
904367
217851
818101
67166
612870
678149
952254
742402
875453
801648
139229
999767
27220
876756
750900
890813
469098
820219
903827
95691
977699
592725
10919
653528
982884
996050
438225
620773
133371
963616
578962
789674
406108
289665
230626
953468
543622
377479
657376
609687
764101
304175
602147
344654
304016
68824
326766
259148
706578
404894
80834
753350
88454
595736
942798
116607
195067
937578
385794
267575
509687
641735
130369
774449
231224
688838
900597
560416
119765
90528
545596
814061
135364
441028
955775
147751
495092
308759
553892
871368
297498
152075
528089
57696
678730
426715
735569
101089
771003
873056
655308
603270
179181
318995
227854
361440
974822
825248
468977
584254
832535
577827
991190
746040
700766
343809
780343
490072
943013
641574
468312
722278
267751
923670
401180
569999
994835
502066
852212
819953
216009
552074
17266
171206
648897
438297
934076
721002
146699
332449
85852
673866
640561
959268
605363
221163
685368
16636
187214
70036
156742
735000
282897
108378
125917
29843
444943
646278
551109
314802
323388
642532
368840
483770
427450
411307
563159
436908
920079
248836
214090
650078
403960
258680
192389
358647
204566
860219
59766
13255
392903
415375
645306
958913
149776
258903
293535
937622
773174
866681
489092
784046
416300
845998
973853
574085
186598
74985
149779
619489
760459
947809
142344
356076
383818
240445
790456
135410
935492
611291
763963
531831
89191
423614
379303
680182
743834
933138
864594
214706
683668
68828
679861
317371
814792
895938
959339
626432
407355
199284
844889
437579
691573
581558
70313
546525
299413
480012
1838
118374
625599
129665
795756
727713
703985
685523
47215
704074
860020
954750
861209
260989
159214
694243
278650
942252
895892
324885
902231
807357
602620
891521
354573
401022
901648
86967
836495
30726
908319
311513
723020
132329
355725
266846
454508
960215
589099
267972
357816
349329
700898
646992
334873
275273
854856
869571
702520
52246
132053
688987
420997
269969
326447
222210
993236
428559
349345
823832
836129
861306
887786
269784
858740
304590
578354
286633
416735
290094
615127
501763
751845
382368
210726
590460
480245
75116
189350
284526
994899
771340
909965
220743
853016
866256
772822
412141
360656
961169
983402
534348
81857
457551
984315
812477
356747
566314
654192
968276
385323
878329
209594
555910
127065
807179
99782
477941
594514
602808
184523
706522
449648
998434
540483
461774
376500
180685
492406
480565
328486
900120
621553
205191
209811
867544
363798
451644
405686
933776
287245
691412
217713
184654
187736
304320
390842
743269
947909
193712
951187
735426
114492
971898
269169
422829
266872
526244
933246
816222
34451
514574
365434
242361
99705
90367
42109
172584
642431
585674
505239
533460
410892
891740
431512
1984
124661
978917
640555
61186
998311
440865
682973
911838
549949
966658
612860
317952
849714
122300
46874
707286
772080
72557
688241
187784
662151
669350
774624
612181
765369
485978
764819
759947
70578
276450
868930
839650
552852
827754
557072
524342
965169
174844
997331
383904
245010
600167
417971
306096
699188
328075
376491
848648
489234
856004
751341
911128
654749
184241
74018
655089
435337
853216
427343
406536
110337
116055
673235
593482
504827
748865
105933
917334
564197
35956
819354
997212
255615
350107
159868
868688
100354
870981
911126
51274
379902
580809
529619
223997
361025
210323
865447
536210
356275
77328
654253
216096
470399
426802
874992
146442
175468
125344
706309
967990
606090
620797
381781
948837
613063
218644
613625
343924
404065
194269
637950
81390
645494
920686
205256
450571
206647
256577
29522
92362
190459
550750
182803
953702
223215
229477
355708
190712
184236
152506
322142
837673
747489
752653
275049
525585
163695
776196
326096
186289
958036
281608
916680
375561
53566
813609
484142
193431
106817
948655
757256
547566
199844
169086
113763
128431
704214
182437
872220
496678
538814
268163
700923
405315
870256
590806
313658
531827
767483
165473
572963
164378
421791
530553
974935
491824
611036
840365
545323
345781
632997
660048
879660
211666
633587
983077
989635
328142
511799
258341
556596
337961
264039
74991
207616
87000
20154
640717
895275
17950
924399
644062
189784
853316
240006
285926
397200
816693
649682
835311
70945
993784
904294
274777
757219
448586
283437
841797
748566
14103
987606
827802
345959
43221
117804
529522
518801
547389
39235
766629
757920
698407
145230
87280
822609
98178
81486
807617
381910
975533
58853
216417
131254
918132
200073
914622
758480
786858
334355
416084
288895
895903
984247
852152
953241
540478
586702
394305
879250
299526
306704
523283
713534
317539
266525
29577
987188
706600
18298
578174
443086
851627
995865
449400
542540
698302
362640
732466
200408
652613
350316
533317
876708
602681
309535
835954
735152
995512
837844
538446
153319
778246
42659
941003
165161
57828
509984
215263
613156
145099
56078
12114
880091
988485
612785
780201
883913
317929
437505
768298
394206
212145
71674
506892
811176
98169
392785
535805
199181
671702
81217
148495
20533
367377
400194
760704
182276
961343
420571
655076
880453
464574
888143
857841
175586
502734
293619
552487
437967
307465
38303
773210
251015
451393
282307
227997
351151
777588
496785
781709
309718
138670
306456
75127
900574
220668
407793
442407
457844
844552
712594
159374
57082
713174
549824
648463
194310
929306
555041
342566
437444
518771
14703
194165
378615
783240
586441
670317
415900
955518
348067
701909
433199
284115
462878
704634
604231
265434
798195
303540
110940
291731
281928
926224
563689
611046
362021
877919
793708
511804
228608
261082
588619
338874
230516
995952
188945
957147
189840
385966
30741
388457
182028
962186
115067
805272
497559
449868
582932
771007
818379
332634
534625
690804
322434
507998
170293
228802
644162
62486
751736
974217
502740
294135
998791
601075
324658
258367
758265
947535
139742
185430
481405
672011
722703
474016
979423
241938
836678
733282
67753
230720
246144
649166
540326
635198
994052
61805
772674
829759
781788
592999
590157
286870
82656
105522
380510
902513
484205
126933
