531151
823037
342615
54727
70647
338642
809608
239941
895935
701203
624525
783430
595520
981429
425183
393279
832891
782199
865948
935579
496645
217861
517448
341360
613967
52220
236964
379283
181201
809357
664937
456263
986003
49723
461857
487568
25688
240894
213539
599462
808039
509386
709033
553605
38775
509673
792719
839585
575926
630021
717738
676599
461110
588994
727811
100351
163573
172040
663023
895741
602503
138846
38668
239799
39138
15601
747994
403905
381062
649717
29875
686132
587911
637475
275816
371133
391288
461856
443514
889489
776438
499390
268530
2622
675598
356635
25758
494685
14604
330279
904616
705956
286113
403012
994772
524376
603760
550150
777557
5663
116597
864857
258765
438131
709714
287234
205728
271347
201464
430270
532723
789780
866926
802694
315847
346292
385921
851572
854252
31823
81288
32063
978595
194890
622611
277602
139476
933741
627696
412508
863080
794798
432985
823760
526532
954728
79165
208780
419939
716203
638953
888422
424847
668524
956627
100995
912316
770333
681795
660337
638337
913112
346335
186228
892852
772469
465105
530206
680544
109754
769367
768343
693989
680690
740070
414589
447725
773590
81660
11684
735622
736104
141889
574334
705377
645663
990617
36374
464102
801725
865417
215159
52658
984956
804419
413225
113582
672486
667087
992859
400333
67396
668248
13148
135266
656430
328273
262211
459035
127490
532994
774319
605726
723248
637107
742633
743486
613169
988787
96102
341658
901911
701125
949800
631762
834624
81064
587587
74983
561380
645954
921533
985390
260686
329640
363663
409329
883944
210252
271112
801506
667502
307204
20305
223037
36549
75187
132299
998521
727844
139222
434068
711914
634992
444589
312169
752438
27238
246724
971238
251185
607474
517788
98792
167000
127132
103931
410195
174055
511522
678413
895983
7319
231008
834294
411437
606456
159980
891317
835912
171878
606398
455094
654855
333739
955596
720372
244702
736817
872948
240840
97716
754274
745619
126995
101312
316382
114163
780165
18829
245656
285729
967239
979932
920398
559835
824139
258664
469795
803304
780973
590212
971866
651394
351366
589665
476721
227439
211726
201388
680344
531502
7467
181844
363724
402316
196250
630697
850837
962070
241401
514656
21464
379368
311342
673203
770649
579556
343928
847653
556433
941759
885072
327907
723944
661237
235963
2182
483088
198045
100655
18101
786046
901718
789919
411112
245444
30689
854949
558215
480079
854473
750731
247600
96635
628285
461175
305048
363790
563518
605424
649
920024
863539
388049
503625
692069
440218
20745
417115
805788
965785
934667
705119
201655
495538
489817
697108
938719
360661
320681
32830
943395
759888
348145
602787
227925
369762
78100
597743
775745
472493
622120
67383
474827
737993
460003
583002
49188
856117
196003
747843
689704
190504
727447
903628
134104
678726
381389
275965
228975
753326
475544
786802
390754
255280
812637
779034
713401
787868
685243
121180
580869
113653
27156
21460
557501
446341
95420
404026
755065
316106
275710
530403
8906
878222
969861
970082
532276
183572
275694
834247
575881
623342
948327
602695
869219
475308
735172
913788
413565
278638
399582
605955
650158
409755
891944
18499
242180
645674
295952
283277
534201
690206
838989
87391
969044
893070
293131
339011
596191
570018
523761
869397
41729
900122
320459
749025
35063
478152
189593
139690
926771
838558
350643
176904
32337
585762
574743
641513
797810
62782
215185
830903
179319
620339
844229
749146
711068
43310
205852
513685
756334
573235
535049
255499
356906
236918
706999
355300
709556
965960
514385
922187
602289
21934
716909
732559
855873
982030
53590
509929
284316
955843
98420
608605
987656
825999
186586
423097
165620
992688
319660
884282
610229
850571
585771
912782
289434
29765
330591
108533
438445
709297
692384
812417
642249
856163
63296
310460
797523
170467
452696
641256
192918
387710
635374
463649
104575
344566
44480
769439
776049
601
779568
592152
231046
386031
175243
649730
282404
413261
797495
823734
247927
777158
390393
579248
459472
391297
812705
212851
571802
279014
889683
110985
872436
52594
755058
673192
418224
670123
724202
757680
570216
749229
84826
188881
917111
621154
672093
272458
879131
451728
654004
983052
437029
248972
851473
527677
287706
691148
371458
471064
536042
135450
581688
14193
581514
45157
637364
411798
426928
794226
6093
378578
35499
868655
663520
472267
411548
178024
443092
186827
867157
274514
514120
599835
17420
503237
806876
457995
400571
360583
68697
37583
767320
103171
788670
758084
65196
568537
330344
833040
526802
825039
505180
57062
342607
581669
903092
535337
497416
47045
886309
365928
824420
955737
827369
985928
804095
504503
560781
196863
164679
612472
135193
94780
804023
121830
950167
107173
920942
650195
551490
572408
370219
861254
918925
867731
921639
530193
705676
24974
30287
661182
848771
875718
253469
370856
923530
392949
55378
765093
963865
220093
152402
485281
12470
731588
277532
119814
273720
526712
619812
862103
480246
897011
226254
477084
838481
451322
354249
172344
826395
31840
928070
336854
464803
537096
634196
248642
730207
105863
312858
239764
821300
429096
605168
789638
283108
933065
273946
82535
869588
246050
924641
336169
381689
727526
764816
429332
414367
602946
585352
8285
442134
804354
81920
568593
476985
375059
679069
167276
28956
345123
241578
895110
575121
469988
21812
467181
284183
552368
134981
329038
918880
398215
872187
496588
156030
274227
842756
590003
683753
273869
967287
278598
699503
995864
158994
272116
330616
655242
343372
876649
475445
72043
153815
793665
322917
755415
482996
129304
989060
752221
309042
222397
2448
519690
439684
538373
719288
127040
360830
970171
654052
48831
172588
909685
395163
833990
875343
201282
299861
93074
717813
884927
419806
282629
245684
656521
758052
479970
198786
393740
474205
206773
870388
892218
685207
773584
808081
524696
793437
377903
475475
34802
48131
102333
488249
95215
86287
274096
611595
26047
936452
264783
545324
502128
40076
492051
673941
653216
864449
854699
726900
48205
170712
256602
408608
874569
457450
631100
858743
812169
560417
778918
946838
592476
387579
179498
233332
542840
595006
976825
662299
551599
66425
674660
103876
147969
46898
354747
123599
121100
49265
335190
381404
946463
798952
209650
651593
411180
996989
80178
168712
127643
725622
932807
841627
8763
672192
474155
786991
840595
66908
465991
631826
885911
527655
958773
811603
502262
413892
442463
84917
381136
128231
68742
24655
633349
408065
627999
524227
567977
559363
521368
337561
391188
477969
355640
823159
445461
881158
662308
739839
37638
685149
979709
496645
526458
455426
843047
681579
566739
581174
27109
104860
646705
3609
367840
755361
931141
745751
309639
809763
529219
368754
445583
812798
706934
695911
768092
927037
423469
619520
669304
8568
311955
905909
469183
395911
264540
341504
205086
917154
504028
135484
315888
427799
930738
940089
337287
627046
58657
183838
223372
828668
194622
620603
446270
432394
165509
246251
226262
211458
509639
619042
657803
688366
336063
218649
486961
88429
459714
706643
759549
938698
257236
94282
913251
349050
594903
951547
560352
844402
744414
490507
655060
203811
952095
321429
78855
47635
232583
979857
350220
605721
131048
253538
265794
352245
278733
591227
444855
588873
262639
513903
559848
1848
241024
535637
767844
88474
348068
236692
487631
793817
3327
576529
790657
192171
818857
1970
342030
993900
14398
722061
555617
502551
742163
523058
647169
506401
504707
374417
957558
404978
528167
999178
508932
763520
68004
995600
542486
958666
952221
307320
754102
264366
678537
218980
477881
521128
725472
104006
686200
798376
593072
607123
252216
64975
988620
568902
598827
139653
812323
309518
588624
601145
389422
569558
686389
504822
379331
531502
272925
955103
828615
100059
878780
306759
392065
726264
490079
758575
70153
691462
94696
95453
624415
727512
659959
858773
158487
493972
490341
298103
467250
642534
453226
364916
940361
406343
717342
687278
325091
585445
482332
59116
855013
231664
761731
380855
580713
900737
968726
383827
546791
965990
659459
99165
234447
323470
493825
585022
342713
426510
25426
786569
323188
726990
419496
432567
383099
619539
859556
682300
567110
677225
199033
159045
161276
950380
530991
690193
6213
753331
302724
679785
243262
41434
745837
766973
498566
672939
298938
719965
686837
758376
544343
477009
575149
282360
166638
501205
643464
852268
328554
932084
415217
701228
299159
553407
468878
550978
350373
739690
416027
770499
219020
391300
882642
588181
684553
69650
735750
489058
236230
738630
900944
626712
256215
612897
214176
657497
227169
565410
189685
76934
693781
734697
518631
183587
301594
588589
43233
387751
446345
498583
514861
547619
342737
335609
432808
605580
987387
501550
483540
665191
322121
213070
958988
184592
946871
335054
81938
167910
500387
109555
352004
37526
963720
878833
207150
12483
487846
911268
189945
161871
612158
466410
734016
392969
386873
517339
891651
129651
671784
631590
673588
847662
380390
494345
925551
402500
296474
588972
175815
568850
135513
290075
976251
530832
389224
517214
871112
743167
957855
306295
265752
61422
963753
278840
278744
879912
942311
457214
858919
166973
560116
861902
102442
937771
702787
367242
521020
887722
509157
900751
972099
20497
467816
555182
414814
523112
923097
856966
925754
925195
108841
731067
847876
273911
172909
536661
424377
402356
315647
861815
832729
400351
655170
776249
455737
585043
552643
125221
330552
685492
3388
920075
32393
639895
357106
156417
466031
785553
267070
539579
428808
291803
370216
804547
319936
802399
435822
18004
639526
482209
836517
539737
259995
251469
72055
728829
307495
217305
893578
748910
300517
869142
643266
282740
693535
610393
415708
646696
69236
881536
771259
870546
766134
102307
8704
656291
681680
588697
369874
441700
792676
23421
273272
311539
133562
980918
506477
992950
421744
379453
988474
198857
439045
834331
952797
877191
943241
867723
139381
79025
58217
241141
803999
343431
993815
640469
648368
258937
750874
743930
43597
563639
351791
441067
707561
509221
28379
622436
616796
587306
797390
151166
967773
559144
297973
193004
720732
728262
633181
617889
266430
631656
104383
178767
162550
542208
207980
264395
359165
670078
702678
104141
219949
368419
431800
30675
907840
881523
933027
366820
813216
208969
478695
280242
306858
555844
633370
629593
115844
111327
629704
533508
832151
139743
563575
62318
644843
583717
392469
649542
87262
78243
165248
716908
49601
575275
122418
197209
868751
683747
434887
812891
180555
395989
261357
150077
86389
683427
859687
488581
670888
583064
620541
386902
969811
977177
946180
700150
650066
624442
6406
47530
617192
347245
544397
858302
301467
783253
93585
624289
109996
515832
770875
930668
424818
454163
464661
451267
624722
628296
320465
586132
535517
288115
81779
527293
288198
177882
649627
564682
792062
824962
587955
422620
890798
901470
971249
969701
287697
174755
110217
205775
354859
4791
400307
244028
272553
100359
781588
16488
802582
297400
361164
370283
245752
618357
205595
827675
357509
922919
622832
873743
263109
199427
560464
392254
489541
940412
68191
290693
784309
147738
197390
927047
680607
466531
741986
24175
41732
855477
381789
400273
814869
490613
383755
331182
652939
959138
192746
164886
636131
910595
575223
233512
403642
758527
580625
267061
636864
4363
116556
547523
400476
578749
426709
346605
817180
99584
261373
653991
289495
601824
551396
232928
600866
344261
337475
148480
877931
715261
226453
240081
900277
580338
413667
676090
121648
563899
941547
768613
298932
280269
465964
929474
7450
949202
98385
838053
950455
60114
754679
388747
762230
922830
3933
286650
923601
418412
805799
154182
744876
776780
327375
63215
983694
317688
322088
578792
968956
657786
321616
846643
419892
291464
476210
957287
838147
298715
831925
589012
92035
715998
597509
738621
324405
541761
891580
413891
807479
973548
366060
303715
50914
428049
151628
614422
85634
865882
36284
10775
616242
642498
202742
624961
869972
294848
86355
639510
973419
780061
150647
491228
437269
233126
543259
862049
124328
608190
258613
583456
723175
891019
708806
724092
151968
82128
375552
234793
839846
816667
728721
26794
17639
429461
667088
61300
815529
127351
465411
102642
400869
204700
491147
336674
904256
759025
551468
548189
869474
181576
875069
919667
901877
848268
415336
639476
835388
458447
572575
226764
500877
176895
572188
355590
875949
441848
379538
186801
383686
210803
806581
960160
747783
222619
641187
355786
112024
69504
649582
693842
306041
784613
963527
192098
462198
137843
429576
743024
90441
716625
840349
53091
858700
177867
11536
35406
346521
19503
301488
961306
847040
489719
137694
606275
397284
361952
151604
578041
957938
714521
857362
434918
226303
866263
757062
922831
280893
741189
933399
789524
714714
902745
789167
974353
754294
611394
99810
444135
74430
859197
172127
806421
423082
625607
340594
346687
115087
735597
143923
952913
216033
659775
628367
59773
327369
399971
499376
395232
610847
399045
720076
307266
687557
384492
796999
539772
905311
859560
124230
211188
921266
108136
335505
303428
724504
26088
121316
454073
59485
738439
124691
423991
316346
427510
354071
355066
401515
678988
759737
763895
410159
165559
454809
661537
928476
82382
76763
163719
750940
418497
780207
203866
574280
943730
720636
954509
373279
614172
803689
831637
301923
248049
711880
730768
916240
282115
803294
635394
574138
795928
739155
680570
353090
311840
564211
270035
437044
755266
657374
555542
90496
730322
53458
199229
812435
322976
69267
657874
36690
46826
910197
993846
312563
881393
753542
549118
332599
816808
820506
41912
291528
32009
309619
308683
297387
713219
431117
620860
105185
532878
562564
620621
355680
992734
813667
212224
105769
381621
512906
795257
372422
59219
729787
393601
374690
787721
972993
490279
766020
617836
246845
270017
258153
668900
44558
501008
655486
233124
734684
958785
590839
502644
870786
894608
94799
629609
436374
58375
969756
708599
332117
386149
264782
323677
574832
1177
996804
915710
71661
922157
804106
395152
230844
467904
836339
742957
80471
947692
385616
361735
579476
192326
282250
543545
620042
736323
508897
451832
267230
409207
620289
15528
966953
50617
486334
401611
992327
425827
188141
914900
129535
67382
200414
157914
729162
949722
166521
967336
904386
291202
886772
531121
769832
698030
807278
214240
462994
217354
396075
831950
598127
860212
350957
99725
373176
359003
683371
726497
795061
289155
379056
380558
594089
21796
63315
241997
364316
275826
429775
785816
456131
793400
833726
136101
938637
567582
764151
437295
166988
770313
533248
569071
805823
197217
178226
653226
498808
670062
270440
228900
432558
428572
74019
929074
664929
467933
189694
578541
537830
82221
281864
241666
156430
485873
693891
166183
272311
882937
284664
172264
962478
886628
433397
382047
878527
322467
372453
430722
622812
676118
165066
861718
763750
32402
633113
453250
685146
857988
390321
232766
285915
113583
847802
559978
315224
421457
537047
641339
24793
466979
465991
852176
187308
220160
572957
994787
712550
960861
93274
230811
395864
534774
333412
381950
104016
605066
466021
208131
732168
291772
443715
536645
70448
783451
436983
316116
916755
310907
428812
109798
209512
629506
183990
972395
230328
642239
543757
300798
476774
764276
878116
785207
710560
740340
823306
999965
124897
249447
125597
658489
58720
864171
427205
237125
148952
741781
916948
30212
268533
260757
280504
466027
113048
905079
546203
763005
803591
316998
642392
865140
845300
457675
13081
912219
691944
418291
59153
252601
708044
361102
944723
640487
86100
158516
905422
656451
461641
969666
160549
766013
27057
27138
733679
765326
921372
655401
504328
595337
62926
662713
351442
178570
68996
801543
364492
545482
550181
621079
42444
325525
521030
188707
572764
768658
51354
242171
299759
737217
548405
528582
184447
155780
152827
174566
984708
973076
618729
376122
910162
472020
57087
686269
774480
445314
529673
530699
903504
59658
717065
818052
912272
534005
481987
675529
538956
124350
82853
357091
180670
197637
466512
738692
459124
396829
242119
979621
644043
128832
613555
737358
796429
767522
861776
530676
479269
606690
231288
658492
76923
118557
99402
452126
895088
736605
691383
716197
133623
738543
184489
47186
257294
636947
450831
946272
295768
739532
591817
10659
19161
445078
153389
328650
617421
470455
754804
101379
843813
865646
159301
273725
838367
42248
714331
755977
32705
423634
441941
308954
996209
839785
582874
497003
257204
718317
764070
334656
986433
979668
935350
615940
530305
918938
754252
203025
681830
258134
461663
552783
679781
996200
995299
670259
591057
343759
88688
536873
914006
803927
440978
410636
341262
412847
244780
790866
568899
171097
871305
291589
955650
246010
715457
989676
353688
682321
131588
60104
643500
621957
474950
304506
456888
22998
379655
2050
209189
882870
745981
835490
152195
17329
12769
399713
440290
457095
561363
965099
192656
1370
66155
787413
148975
988482
544413
244607
393713
61246
662024
261011
922739
79750
444187
434217
321011
849276
947684
238157
134448
509632
686327
938904
283997
280098
447927
627578
356033
653682
202628
333530
421422
5492
577857
342356
563803
261552
331904
480737
449952
308197
666829
482325
61646
249630
123156
116545
582441
156828
913840
643192
289476
906738
921296
783919
512503
770480
12680
28862
285438
667063
753138
285955
58993
8300
293503
4645
402651
593736
469534
827894
98682
494603
775238
201842
682963
396368
387620
889508
710447
287100
945756
106792
360821
437968
903614
878091
322917
898142
908935
950798
704111
371673
419857
680010
557550
822533
928472
401389
885060
635981
133929
647970
801874
625395
273001
790671
546452
159394
294207
483384
601752
394271
520927
482177
669913
162782
109876
316752
491004
764721
25065
976209
668518
163867
586645
836819
921400
965635
844737
283920
681960
76036
842710
998410
861565
913697
432680
986192
241511
14934
824153
26144
388024
514057
154987
642918
511619
373343
969062
63011
415375
557292
604770
449193
821560
846210
859122
613698
915619
228586
866413
694960
8668
200881
998234
967952
536270
277593
149303
938648
297438
370737
988326
778623
197156
584383
112629
261372
113542
748633
976776
807398
293427
231059
190309
27130
170361
917138
21596
466171
557252
224127
514257
113908
438452
659736
651496
561049
806553
898912
852107
671308
126158
682359
747931
213563
708271
669188
892016
239910
415736
161806
573519
377918
784635
896042
418407
869993
469310
498383
33416
266914
525871
81349
531745
191230
694852
71356
384628
134409
113331
233017
590808
565199
251787
947307
231082
173430
758638
683164
322642
733000
216427
490179
372205
991375
870332
172854
737692
503129
924377
314940
290216
434140
111414
439808
601168
944626
262688
152034
733682
316805
614512
335336
783506
257414
503465
155346
830473
274006
326068
483147
887628
436552
360181
13051
953496
407934
200841
219770
978807
186543
535390
534814
990002
13131
375728
139061
998484
675125
559580
753294
958934
866543
832610
737010
917100
694804
331516
18544
564203
132030
948757
780566
528661
984455
4648
41084
624835
443309
253558
663482
100781
375887
145123
824825
894937
321940
622446
724071
438174
214123
278987
969348
159252
241132
886111
251738
131355
888670
635928
271945
219588
544274
36966
936896
936991
579692
831641
904584
812706
900545
912984
815610
535346
500636
257147
847953
1745
779163
629638
613338
627941
374007
777411
572488
766689
973793
177211
102820
820882
955655
365328
737633
923656
72437
752954
194637
98143
699929
369500
787812
222377
892127
828994
145727
191161
990587
978746
329578
156879
197765
354316
631955
856795
860541
894742
583645
999600
664048
565193
144916
349702
925044
464762
377659
947563
775693
70182
176834
420808
103090
710725
987604
794380
516265
680713
687308
892471
848463
732595
532551
743813
711924
654418
625620
547701
290723
491738
105480
81524
455039
577949
856943
456683
86984
77608
175773
355938
603773
498877
822114
152143
325660
889960
272731
330367
988933
349440
53029
673888
372732
191612
981037
537129
751693
646191
21347
941734
156042
551457
323341
451299
92208
494668
946040
904372
401448
259824
40713
988256
519465
121683
784497
213736
546362
206297
929215
46519
581013
931771
546511
378791
910184
851751
495072
341293
650677
46324
436420
714083
505688
644992
834160
255281
854249
564777
722675
949527
768247
301156
472900
187032
379765
66749
458035
585606
491633
42411
775554
181863
978495
14607
268941
113857
824116
377033
892132
763527
268814
535031
266745
237920
927985
183179
496052
830800
163532
614408
54117
377157
841434
75033
252689
956160
833861
421710
629741
365598
510245
791540
929321
985091
578597
19279
322147
138018
975942
647926
646588
705962
150078
365516
709000
780112
866232
261526
285727
406325
552447
723710
638096
388981
900981
126243
957429
898764
692349
101467
371810
540324
435001
248582
961911
919807
78125
709456
71957
960381
906050
418434
667117
24587
956903
732742
925684
279400
651026
676661
480371
956373
309220
258974
240378
120793
490859
107414
951029
872622
764225
542391
816854
849739
966417
978231
321010
150159
95866
219109
926248
388935
946316
421825
417531
391132
177903
937657
513153
252636
448738
52348
10869
527843
414241
590077
932391
14245
826976
502342
653267
137691
517941
513846
368654
297864
294418
827097
272028
212199
472751
793314
820447
402675
260806
339783
835434
870802
210424
23289
177972
989151
893773
169727
106792
433683
319385
646382
227353
719439
873402
345287
896083
155784
373757
625325
214157
469711
921888
380161
911034
580092
671474
598172
505150
392759
72855
351016
45246
637538
298152
395611
232592
651174
55223
341714
981906
852569
821615
445382
569302
917321
221146
547245
526907
849640
303805
983599
205591
330835
111774
364995
827472
803584
951974
145446
672010
645316
434785
59640
705530
503231
680033
596147
201241
498853
701763
638792
974965
746857
845001
819544
433185
254664
216998
250891
484493
63215
998041
61841
723696
833097
19697
294643
289313
89385
417454
851733
430790
422225
184008
388554
895971
970013
241417
92052
892308
21327
384597
962743
698326
735608
996874
370616
647039
68031
116930
374263
768974
932305
854261
202406
780253
552101
966460
345701
78003
937450
65200
695996
977526
21904
409073
983412
991485
612848
794755
87122
933764
323225
785938
69873
92793
285880
221718
556731
357939
671267
332945
634051
851714
489090
17653
880642
69025
581786
461476
24109
878536
286583
577103
462575
261022
601590
651135
548872
559628
566957
313458
481090
840493
220983
820125
474891
941217
826399
425425
268596
769089
693608
24632
208581
881260
209718
858878
536954
870464
591517
751628
713311
835685
616837
631343
213379
742339
979638
582679
80988
859604
312838
507900
719031
642771
339868
131099
755225
451859
212192
164575
891320
938925
236033
784154
11215
943570
181346
854514
686242
323071
493154
768217
715790
50894
110278
502836
698379
636264
552134
388957
162690
815512
533425
125636
854469
301371
691901
793456
252335
653332
627951
338787
273562
900412
594595
215004
956278
85622
343033
455094
628300
581216
786972
952174
405904
827078
284912
86722
60700
860241
934807
692084
155407
976733
719776
659182
51649
429096
319886
926207
140769
924709
744256
849987
345838
809649
30914
506081
868110
876957
247983
937263
886542
372329
582976
59120
392439
403154
654262
406845
29065
367171
973984
628801
355671
567015
528777
843421
785151
249886
36802
379309
959619
337229
443335
846498
515337
480080
782609
95758
546155
734603
481400
596351
764028
309726
268354
326338
112600
403766
376460
252937
274023
218368
97299
987239
145966
651513
209503
495159
864209
635426
616846
496413
479017
65743
732281
901348
775294
880605
349829
167751
211553
785923
83336
53899
725929
251970
883029
70537
566536
647926
412646
564426
898697
524047
66149
562763
528808
549145
330647
175007
252493
255414
565477
917684
963623
258926
225801
291757
139937
986589
472657
236975
273284
11210
496339
323832
219433
901528
75950
294697
483289
836374
191224
361188
27907
189361
486153
892944
720473
657225
158371
642361
745287
27360
922877
909781
385616
783023
751018
729185
179527
274643
351915
116266
992168
407845
197966
26280
901841
351847
285824
45829
45536
114201
814134
871867
950058
429868
333812
407834
611604
423310
688057
263529
860370
680036
97351
252261
1978
71510
201682
59749
430020
825027
560837
38493
882656
950549
341739
360065
887860
422768
600704
912641
176561
348676
703573
692787
4561
92546
44954
410319
771119
212972
6347
500371
619010
394436
248506
651143
750455
364646
867253
676827
935531
714994
716499
996012
528834
89569
403104
222821
790631
9785
678498
659650
738848
864091
790728
275248
472972
909754
815598
857297
800636
324774
627215
31963
573356
682310
184008
257952
755101
826021
495045
158760
116368
85155
842122
882682
138208
979531
30048
122490
847357
123525
444442
66604
843969
22626
243075
828950
601200
846165
399205
69060
813969
933889
772792
924069
142179
603821
838822
585107
970622
892373
474423
200496
835272
267866
5470
336875
607824
795289
833311
621986
289610
459416
914907
551522
237607
33309
570170
553801
821648
25817
567283
304909
619968
215618
79163
817173
774780
157374
268039
690309
936303
238779
590528
319383
691110
268507
164483
223525
197348
262093
799505
673347
830947
755703
85594
639304
985192
705103
464225
418670
8321
170377
680843
619791
193950
684970
279626
358543
939594
910460
58657
724569
217796
558874
449107
756801
543486
857835
158188
562441
714481
789099
356395
34111
882843
616229
691338
540996
912534
558909
372012
39591
284694
650217
696290
103535
787071
75904
861978
423928
293793
515243
98341
69364
23889
993144
568996
317459
428325
788301
35662
383101
921803
333561
766751
409660
920646
507110
415840
447799
510599
654763
834256
333849
191588
46718
609196
597329
742519
174983
990688
295858
324758
719887
436106
33658
896682
823191
531239
175599
893678
334021
530268
221925
874182
802937
436003
324957
94201
898046
907600
452104
719181
908765
589055
626345
629822
843723
587228
47512
564122
645634
664719
500770
139836
428141
147138
205454
93091
846780
861264
815098
471790
372952
388299
382500
477622
253104
901290
173190
341320
512114
311182
699608
469053
641558
410095
597241
744632
597524
540967
402024
691772
68470
493083
635436
695271
189255
805890
519828
105167
953451
353235
354713
55032
760008
646671
805599
11375
591778
767016
477466
425798
171141
186445
521294
488555
518427
708883
714606
199335
235997
580097
791334
947505
292326
738744
368564
755180
285220
832509
824881
839044
544423
807333
974510
211872
340508
510300
512825
871492
78035
387217
362111
412871
880379
328642
639883
385003
335408
420831
828461
645470
868971
260317
88502
172044
452312
12954
915359
577119
731973
160104
615113
899988
956854
594745
341919
151995
640085
564069
751255
728587
843398
847258
106200
520159
828889
976480
996406
539601
164313
139015
27800
811122
695041
650224
237371
179171
462094
623478
170895
589331
714416
579127
484735
85141
281434
602882
491790
984284
776697
584479
424285
907030
659969
372213
684681
504163
694626
986460
782065
662705
729305
917312
430101
753014
935972
319726
607065
318792
75086
220414
381865
245532
811496
17053
108152
466009
831512
139126
804193
656664
532747
234941
354286
309179
377286
387416
646454
324135
512410
362474
737376
744351
789558
484732
299206
46910
383894
664778
565558
259729
903513
546856
895378
93391
295345
880719
260503
645941
809332
600329
468922
737858
100239
778996
504430
397516
893657
587446
529091
374206
650373
300733
362280
181487
237106
580081
193809
854367
427037
571897
432371
995664
555446
938087
995180
445695
318608
497473
816320
156413
270961
617197
884223
750191
18761
775288
744898
270878
894336
108227
159571
541948
898344
426442
138796
333172
619026
632402
797144
862380
720956
386287
879287
136218
246056
958319
331293
454528
790279
37223
468121
28293
641172
997143
222098
507826
400958
143292
94605
831301
254973
289331
8012
769781
279174
258373
148305
507204
374809
594451
842689
517626
371000
768799
546659
741315
461426
269620
306247
402599
525277
951540
226883
952865
690529
691068
862425
940639
572849
956085
409205
77654
466645
957626
878353
991870
775779
767073
988795
218097
628877
703720
753775
199004
178515
470974
624094
506079
96601
187435
800016
397575
147923
24476
224229
101477
480668
944143
928247
825419
779623
858583
159067
391778
856972
235725
553927
541163
944644
128275
832013
680272
600176
265670
346501
233830
463699
319039
