838350
951458
455463
35864
414079
255781
143528
263609
228819
266462
693175
392449
151936
994939
443731
562877
239162
497538
410196
949943
208849
387298
736280
195606
960807
484006
742212
738661
563084
964099
997241
344428
643576
53904
843605
130618
357284
775125
456611
643333
83781
138683
885408
675112
728422
386467
348139
445002
934689
363859
9480
130527
480953
285772
57424
998792
494231
613687
834553
614614
50336
147261
991486
735404
202415
788022
80043
880130
66932
409721
429895
971846
626344
17106
629085
529053
307948
298321
336361
167110
699005
694463
734748
637216
848854
58028
40524
263170
579363
633252
946812
994376
46749
101376
699907
127918
610886
930904
909211
979156
708099
104726
729672
931361
290961
289766
456994
159620
618661
337993
669441
898390
420324
424201
655493
399963
539004
807175
842559
641832
387293
826864
115392
146910
493720
708558
366460
766804
664850
652858
216409
349523
40100
714992
567386
764858
335187
562491
459171
580418
106535
987727
631720
303516
609770
557621
72310
724535
806399
621408
29854
481181
818012
172127
575801
362237
829477
238892
832221
126979
507430
344993
1051
299171
746669
974922
702065
440822
833346
742741
258259
880251
495812
496934
756753
18622
125538
261639
487909
519765
949490
432445
573531
358983
495921
357686
49885
344264
224792
61726
911834
427936
345559
445136
718931
187689
985841
360809
384066
967351
432947
361017
982118
177298
877266
618899
949807
352350
608160
278404
497923
516700
833963
415328
467883
446473
915378
491063
130142
129060
635653
908647
308519
571277
461112
873099
317109
765321
163011
718290
759935
819490
968505
682346
720786
453291
66083
999002
634296
797218
81273
302063
277959
515758
928828
631822
615363
469063
216435
336681
502961
303092
676351
724301
587449
595952
513181
366167
350390
632934
989112
586054
218590
770652
674601
538988
144201
976812
487564
374527
16800
831468
910656
322892
375971
593071
47610
633419
876630
909349
659655
342221
654473
197853
727772
166994
622275
294891
396571
620151
208650
211941
565733
899148
165906
775
550678
371460
989824
384566
267041
778821
539545
400418
379721
869920
715340
753092
85498
536858
132504
906823
345602
548009
349915
31619
735279
82683
34617
447460
227909
748911
425765
449641
435228
388519
773327
124937
194260
572533
292778
188272
978422
236914
902424
720998
655977
253613
288821
671185
945230
863041
543677
850833
469880
931904
759131
929481
987083
177803
204815
278717
920688
387
681146
34519
559666
327450
122185
916932
106040
621315
969532
259643
80607
981832
239762
863902
857588
608954
95891
202617
360843
946562
175161
219303
437310
539094
159356
308755
935046
796296
661177
887324
920623
405560
653950
797906
715707
974250
354741
18718
274069
840434
45994
133438
816304
449804
513786
560813
445500
69384
803674
177760
40965
75938
916609
45293
995304
531056
931315
855239
414194
150196
105899
31076
980886
69457
831525
625599
530891
943579
220933
279417
99008
459655
820903
543323
962237
508737
833924
272886
748375
192093
651261
414635
193616
720805
734664
596615
611913
601168
648948
766726
133604
785236
368538
332025
744826
878738
72418
104897
190582
143216
599151
661947
467660
15173
255400
710390
688922
851117
639972
33375
427545
383355
593969
337790
756095
489806
286593
879513
36597
760444
266226
907510
369776
630828
447097
322878
41518
563904
25514
99837
949839
704879
863654
713798
847438
826416
650721
577076
912090
201938
327438
616907
976661
869545
527466
559804
620840
110050
735138
610119
556609
555320
110178
40827
513130
474367
411259
912985
381255
916446
532656
676311
217836
29530
905886
56384
980056
422989
101125
113848
498963
142005
671351
835742
63263
373864
529819
971018
599069
235365
990046
140789
337984
975687
938296
808760
816998
281555
942294
761005
451288
975088
593065
889970
479903
212278
355275
634764
47105
951006
751305
702119
515223
131802
208593
711739
584908
18622
954489
242827
216884
792475
248938
919623
592966
507565
187687
691986
967032
875626
349566
1758
229750
465082
23817
309554
373886
712582
421217
306061
500250
660393
378081
8165
65211
928708
902354
906120
534511
802414
57592
871908
412671
508808
801336
192290
282984
810606
804964
494956
885812
880841
576549
363407
361459
428609
714820
180988
440603
789584
65365
220969
330618
338866
645760
416917
918099
8568
281453
828712
416733
433660
254091
670712
485204
559983
746494
916904
549945
925774
947747
235
357869
639347
167104
187878
890278
951624
867277
130676
708491
248150
729689
60291
970098
179708
783899
54875
661875
315194
959894
652159
669801
189997
483111
315244
877637
980693
392622
404862
879310
755026
70679
860850
340857
294190
868420
841606
933216
369235
441113
895101
756130
917341
362147
64575
180888
341514
455077
791132
61551
694094
435073
874801
605671
68612
947456
240995
473831
64446
118974
592969
893370
38461
464821
629094
162538
427452
30692
513171
612983
51175
683995
433019
256116
988649
547174
500544
609663
229155
463316
827516
559643
621432
880674
435682
192108
576901
576713
694274
887182
141166
468385
590571
261842
21716
148848
892522
371221
315490
290644
884913
932287
763911
287560
802324
62229
21246
933782
273452
199164
532104
750618
332254
882763
970043
250926
763766
65675
650548
21175
549933
974350
696489
88203
857993
438889
718937
697278
742627
439311
222948
502728
224132
521035
129207
978068
903145
999961
872415
735783
41638
878882
598463
70635
597351
339539
717853
830488
928337
321241
957206
663678
833542
341499
548786
483441
725384
935699
349650
584017
670837
767466
346566
823348
799216
194479
77563
479538
181857
461972
713233
529614
477010
662214
370123
663036
239482
806406
176992
62995
789015
852521
615022
96849
108084
428264
720718
69253
313930
837733
724034
717661
411651
796603
346827
722636
264409
867904
332696
813208
554141
125146
34840
189693
609492
826491
300784
506881
473660
175802
67208
857941
501676
279823
813120
520165
303449
780459
401217
68349
608181
988338
580078
622935
696753
584022
463992
600197
918563
929425
119825
904055
805316
439870
256312
506922
186576
662997
351475
992942
914064
237505
273499
274322
834676
232608
977745
151469
155737
253334
732814
256780
734507
867982
672921
846579
923556
36431
123857
812050
769011
936630
741482
72710
726071
757270
774069
591880
567786
277161
223639
789494
931291
891569
768155
453692
710163
702895
258596
107359
507610
436287
976827
907494
357970
590798
783367
460325
218368
959930
389530
203431
567531
58756
860775
932535
274525
261364
580178
313995
928582
926026
513120
94350
504064
794396
798798
642568
973934
851601
44477
330732
669373
557176
151050
229439
30604
694854
609404
755616
479400
381354
157655
732664
782256
587983
717581
492222
375576
990125
936660
590823
737544
922252
905491
564009
725476
918167
822581
431531
488487
336665
315488
307339
739240
91734
12608
488075
331071
467976
27837
519065
781697
72117
298763
535481
247334
163561
19487
761681
811980
694166
553279
295056
510292
75396
775922
145404
705578
961654
575575
952856
421923
126811
24530
443950
369855
787182
480609
941566
635597
34603
238924
695875
245550
957869
607483
531358
10161
934249
831073
596130
236382
817025
723222
331771
549263
248774
444867
617467
193911
707085
953719
876611
409094
738988
864406
333642
75749
423634
920304
720013
778396
658048
248432
921427
783188
730664
533355
437596
758262
48032
72536
978085
275057
665923
158495
464219
829403
839140
707466
904474
16623
195696
963544
430688
326837
92255
998832
35539
470719
87831
899763
873195
630799
574877
749034
440829
308950
183416
368670
939877
861975
47460
434887
537552
818026
933040
685084
793507
869725
437365
633225
746380
364341
431091
131647
153891
523218
687241
629989
241660
78832
570192
808044
877708
602570
208213
339136
543796
827737
975794
667866
786927
193017
75912
100722
542805
753709
211035
88786
986825
299833
477322
574022
140934
280173
286825
853104
672960
562754
16509
726200
589050
977245
241491
847776
828964
290864
880445
239157
289390
470592
991594
574881
329069
846273
505825
332510
711144
439005
440858
853509
610497
379603
451321
991428
979259
31164
72616
649582
179948
7402
136975
389933
179136
45353
216371
20050
59879
789735
257704
181709
262428
957616
62132
447480
758867
317329
377858
153869
744959
810142
870144
115640
760637
632080
728214
394248
616736
196230
173954
78975
966234
229868
54996
451336
922243
176569
316611
901960
477129
663634
588075
348301
619765
426252
993700
905891
83093
419727
745664
127301
916684
418262
394848
994545
216882
658450
258163
226196
637353
121198
415757
874853
205949
164590
404320
218446
507575
416560
452057
449156
324095
294037
377241
61688
200939
785017
764814
112997
862184
305117
413358
224906
830019
301990
927824
491954
606293
837310
559975
282030
906185
639385
81179
770149
763339
672786
158725
420226
583887
645875
768583
74699
694075
210196
21382
459346
314227
367194
27526
478852
262783
125025
415072
148382
197338
784756
183330
447360
345049
755065
144131
41114
913461
28458
425537
550659
700472
845182
350105
404392
343616
221734
115619
236577
888435
825715
910215
406239
783296
560916
523808
145794
296013
828221
985323
356487
727939
978276
4843
29598
623026
716837
858653
660250
988513
912710
74323
923586
325238
337044
337584
397252
23358
66092
411519
432329
8666
642902
258352
937764
989383
870027
962607
381540
819784
665111
434978
992712
196018
341593
945280
186322
911444
145128
128521
753140
158144
721744
883621
870631
37818
706298
369501
501979
487677
327337
328496
924361
40548
961056
184787
425636
723132
402274
73609
752877
792227
115153
125594
520422
488668
397240
103091
727774
186355
804260
856281
894507
391239
774445
521099
528694
70265
365714
925364
471472
696560
422850
260938
650339
106822
921719
873542
241251
613714
722877
23552
723683
419986
331985
160038
807267
349941
52004
629017
335751
838723
912575
183524
394500
102250
272192
640217
973363
606310
858306
252554
507080
190795
622491
645985
282524
81138
155967
498781
174694
269502
200833
394793
419080
779658
233594
171482
818949
170353
394946
423301
690513
882105
465947
593403
797761
491868
466414
807715
464610
794293
812205
617586
348261
42756
78359
698313
406775
534046
735962
747434
351215
61428
171538
853464
493793
464893
306415
665163
409424
923395
361654
634381
555584
650695
998110
743220
136424
532114
800794
958908
758790
140314
865910
432001
551629
276045
428187
366357
334138
7549
146797
589956
419717
519783
141203
20130
617586
837473
407318
523916
622342
114784
712226
668164
431447
409443
101355
670755
456829
919424
64297
57210
752036
794505
44099
380233
864707
815963
714186
153691
162919
39938
275164
164924
624233
988172
356649
644505
385022
140521
344914
615538
507181
944123
875501
195006
232539
3584
253221
697947
551106
704857
231423
412271
189952
152119
718263
101985
952588
745313
489992
841710
407939
133668
673035
879080
376353
374551
253367
662545
620299
215689
556871
14864
610120
28362
172409
85518
533136
289427
567090
839152
995197
179730
633407
620593
774110
445846
83318
778459
539435
803604
210363
463009
298514
408084
968990
752028
481712
577659
367074
877728
877467
147893
821273
360379
979612
76030
872874
729609
705722
637262
266997
743223
842673
216351
431117
132050
851202
587548
539172
756747
99108
93480
743556
143369
807128
646151
619961
231083
932826
75949
737997
942937
982899
546721
358315
792837
134123
483022
631845
513284
759068
862694
537297
140163
657698
667955
869838
53351
302767
33916
784484
692549
346171
932432
264586
292539
666968
124146
581697
447017
970467
191905
517021
679120
256791
624578
704419
28421
289851
682924
758862
482449
617852
550224
711020
17832
818261
772803
286694
413892
893674
352490
717276
567518
759669
107969
820206
49161
767319
351687
32216
907243
580560
2506
777141
661848
580682
42314
591140
530252
452496
837133
866760
746245
938460
354303
251305
139707
864205
166531
63480
348413
396023
458778
498671
355754
489044
696302
562199
754376
472409
947580
46691
113540
775972
408733
977722
432071
987409
2543
243666
847152
670892
992100
837560
583732
431744
725351
38828
776336
893518
767846
586856
643942
466138
324800
5249
564923
227423
120973
783207
966988
285410
40452
30983
68168
862884
883917
601359
752751
835440
528676
357073
18053
867285
929190
749249
741042
787374
613244
583129
843257
970717
534113
415579
654483
715222
489553
960886
328424
983383
36624
653570
121769
534005
805204
917286
737228
8402
864783
443545
293477
538347
187869
786501
561886
633230
998023
505287
497299
72425
595762
441811
768972
387260
763239
775221
710808
402288
106304
359090
372162
336450
354603
277069
212979
335704
491550
503973
984164
145588
821335
558588
910013
976774
836175
751570
663951
216603
224187
941360
306539
117108
919101
530944
220317
613938
494382
292633
283528
647788
144640
146585
212255
623779
28308
316844
153725
2957
104727
975785
846050
408653
34841
472795
515339
432836
774892
754716
915053
957889
269621
765661
339213
87316
996050
290499
590591
105280
356840
156012
706681
360718
743815
713743
580179
930686
529404
489282
644189
440601
545588
248084
829085
225698
342088
890394
702243
108906
92649
242695
763467
819459
798185
329269
17935
364428
947044
577472
796038
214187
66825
318481
621885
431706
655433
515449
980720
823064
534746
758899
68518
303231
951912
844300
965094
974326
882073
830238
284441
299644
869627
105912
356157
11301
112141
230041
1859
644642
886311
479451
900487
507640
888774
872557
15722
704979
353784
662329
739021
589300
467680
688612
678571
177605
433703
564723
599827
876557
612735
91723
974785
632062
920341
182545
321752
127980
226515
361072
132607
992728
349007
404920
531989
94507
97363
788260
944978
503742
202825
60660
951483
354902
570179
687225
126465
106733
624165
401071
229687
358507
862832
733252
851183
311668
78443
84151
328304
898394
181680
276316
796117
886387
528848
28603
513157
550662
83940
371160
338762
999839
937969
457230
56592
288386
862071
248789
734909
8188
10198
529827
135655
231125
235613
945326
704886
600161
921969
444302
66455
930421
826519
837249
827802
894903
493214
997193
28778
209039
430956
84080
553894
300346
524643
745451
244192
450941
212847
252700
796209
564918
594927
133106
98358
237581
351421
805356
980268
331914
622364
488698
105508
68353
872509
340228
284578
217576
954030
620932
294552
46985
532704
121422
974458
149522
331667
914800
1022
482634
751520
575796
478258
428510
888802
814658
361273
552538
720066
41570
695075
916723
619486
577376
978664
810624
287574
957576
792897
987273
238130
129361
279460
487608
700403
347158
848282
962156
910325
908671
76478
768877
323645
412350
726484
960378
232741
777974
773187
33597
288609
613238
886768
642976
2157
617442
919161
242232
640725
946802
698251
851999
460576
43732
543713
282081
493466
854637
134874
504973
310269
674621
388404
476139
417211
840673
452651
154572
900779
763057
15272
424636
53517
234569
104744
368980
747388
800741
80298
60140
139311
369766
790676
321582
446507
178993
581283
371335
789833
569911
204749
327670
648287
926799
512630
682374
102990
97598
523402
262041
567464
483673
621885
925786
995387
394818
944989
932948
985279
826510
20816
695137
198808
547271
478896
876026
274183
500813
696255
632494
696947
960535
968457
907438
697552
846039
145237
213188
247530
615932
650119
531108
5712
503121
118677
649883
463583
256642
467108
114660
867882
383551
190526
428570
156163
474553
926002
969799
533865
906506
998217
349978
783565
624369
824288
412279
213379
812283
468711
121769
67650
286141
13109
34931
280215
643197
856325
896516
497901
854448
882705
152264
849265
215518
583177
540123
548389
939490
502960
601560
273283
697485
382420
407824
923275
565610
101096
439446
279467
591005
137983
456312
245003
931941
368871
360456
7794
217216
961568
796184
567448
432622
962616
490627
987784
314893
4036
195752
83761
183459
465276
877938
208011
8315
112628
788435
236833
481638
319795
627407
907006
166435
170354
573108
414840
493785
309938
155432
178708
312576
147386
968283
83028
567392
264556
855899
241316
347250
955651
170438
982045
297634
849388
757209
971251
959990
388733
243495
449986
638984
433622
275622
170608
930671
291795
286180
698494
106108
7787
151383
143024
446432
411560
836625
39319
199659
628675
725138
882808
40687
105627
762039
785307
31107
945042
41745
242993
155363
615173
722257
899170
596597
338021
1375
433587
519591
448758
78921
708177
588147
755492
528280
961724
819972
176125
507839
430547
98611
879056
703917
196216
354602
372575
285250
825183
367145
699971
713885
402232
578663
490589
684564
985399
296208
424692
691837
437116
70061
63792
54185
497380
573794
248178
206129
602732
749584
995086
889064
50685
367131
923942
521007
456280
809861
241252
978664
709790
642105
635155
520579
25853
255396
896411
909620
210611
352830
405271
689413
184384
542183
5717
593543
983596
956908
826729
576356
919922
409192
408686
754064
845128
149063
963802
610910
639628
787622
434237
171823
597900
785302
45206
385093
943282
185536
155730
803957
793034
228706
146466
592443
237682
44599
852663
140519
447453
459317
491997
62006
411651
167728
562161
146748
32425
476380
679873
927932
870664
669424
74430
381722
780189
617893
421920
453031
72397
749661
411223
819612
217842
607393
258473
420002
523078
643075
353325
693006
242538
612386
267810
666794
958484
139660
905644
249454
712084
867262
399725
570126
213249
978630
556924
956717
694916
887178
130245
128943
909312
806625
118653
109868
915869
651295
276607
359360
220976
237550
181064
583167
392328
665047
850828
836614
627864
592288
142195
876077
405948
416912
923187
798296
582698
166926
329930
878829
668918
745448
594841
263583
250369
198767
430488
40489
426687
8382
498106
779415
942244
406108
853534
704894
717931
650679
223662
342604
72451
755409
355096
724282
922134
835511
678119
381214
519926
663787
679421
564380
191142
931555
484335
553789
84355
497706
342269
840408
591630
604261
477548
55724
859415
768368
461506
708624
303878
700583
391326
443969
479049
618561
736113
605403
217942
848086
569245
335907
700379
923841
161192
692224
846090
593248
857117
420042
135162
223096
180031
9787
878332
248822
144747
883523
574395
930256
14153
127351
658254
581706
179054
556009
594846
261461
140178
302611
585327
541522
287657
863340
206989
639092
69344
226525
230739
99650
206709
514893
156443
720188
334131
612824
120765
544597
581257
565855
621126
301023
306118
920953
629111
480965
735220
714248
853302
41201
561166
250150
449814
655246
535390
809981
923454
661607
617591
787254
145848
43566
468684
996489
942104
928601
399532
582643
809031
609703
517467
855110
508523
73409
139406
17114
917108
497467
833986
609185
930182
181817
630329
30168
746686
204591
488658
808410
469539
25664
673348
797007
188971
397448
90679
210945
925287
71541
915327
525391
56268
455312
259381
573434
561886
108762
99764
107036
573370
446737
661037
802681
144513
965906
486760
239662
41437
145944
594391
394758
544113
582242
720984
73644
138209
113907
965832
525370
591290
39987
674239
52783
435456
439347
564907
368320
141075
468942
916812
183045
380989
209322
784585
96724
60763
295902
990638
371243
809253
374574
958275
386950
359259
765681
181642
453969
737677
527060
782164
20664
995335
599223
664064
548442
427928
178485
884433
377883
271614
722369
600683
167448
287152
103979
994986
567478
34056
661186
53791
318740
877002
698836
778664
76255
547541
587153
191147
92163
790052
714766
497007
400382
28865
68325
284759
528081
388936
536377
1851
835089
685268
60375
358628
315994
817032
641720
74916
202658
472956
154723
214928
543787
991553
147055
757532
908562
29523
145830
185425
207493
716250
14533
96557
759378
307037
658465
8151
851738
92228
233699
39869
163428
659080
704052
157324
679886
858425
886196
790987
785950
45291
313763
750420
834550
550590
283490
557297
782758
34313
883220
362255
474076
225955
696543
931425
19446
870157
767823
247892
627960
758975
338201
382122
76953
812941
408828
614198
924152
624374
162243
266867
319340
19786
108200
644224
209080
74229
438738
751036
936925
367787
420607
950522
892618
102450
208573
435425
290159
957255
968019
508515
420975
665710
991036
574040
590004
705625
488467
632566
720924
273972
436170
126895
208849
99787
138516
126055
410806
191961
269347
883985
484349
513710
525195
2981
336917
614651
447238
838592
831297
560893
979857
908247
633476
236612
496755
976985
965880
422048
871389
169569
753790
391015
364333
152021
537232
7268
497741
872478
548659
984863
395384
381252
373832
400773
757469
865701
484224
494388
313691
361553
489519
54117
340589
497285
708730
747511
649567
884802
771435
442644
545598
878730
656803
120834
242383
510007
551023
329992
424757
939768
427443
326778
269110
664936
679682
518884
730903
105612
34832
57231
648483
338729
252991
762162
896971
819008
475605
965176
390567
73512
223439
954922
232154
885318
368334
903354
524692
563370
685488
315179
523506
392393
277562
933599
88896
215571
250609
185023
987486
860017
250120
823169
65344
241117
698483
344665
800527
783005
927386
496446
701229
231645
640873
996183
349142
887272
870532
773122
662689
316995
869336
860929
388006
499750
436621
91394
140474
97688
655575
674698
616406
898918
779820
895293
549654
856831
556432
769804
66973
460911
529035
392763
925973
176566
770748
5710
655124
937988
925384
928527
160538
894420
916395
323327
629751
275682
848622
641687
503562
76874
553977
19321
325027
723775
356800
740216
988554
142308
364697
197056
219609
481482
474606
144420
167492
696711
670798
306243
797561
5615
712734
449749
302562
104754
164332
848343
441736
520850
933284
834897
636753
299071
231963
120129
383850
379088
682953
275558
563839
296672
978644
157546
496871
446595
473095
381164
274653
499940
916641
347754
475305
697852
981258
933064
777886
620017
36832
676031
597564
658825
822000
735269
524021
365129
792001
77076
925645
751342
797066
391866
912986
604871
751683
2749
176555
430125
549848
348040
772357
369568
463930
913207
506057
861376
454224
77659
780593
210405
598092
583978
823673
722203
996632
977606
634074
483965
312366
285224
733041
646189
84743
683497
283775
922221
768363
872813
915146
14109
794663
283820
965728
910161
318621
250142
475195
797710
460789
254211
137920
73633
416305
466572
737442
34333
811295
846569
277795
766255
627175
811504
282171
254879
704900
162983
391633
895013
904528
514990
236518
375078
674487
411148
986257
468298
280462
935316
420389
288315
109500
91379
881262
771259
870422
275545
642074
975650
318857
936706
491125
302387
337968
22624
274765
562458
789126
766119
303285
855237
201653
203444
519396
907676
809165
378331
881469
708510
527312
312332
934057
817881
818154
495008
296160
193670
413054
808902
789255
60095
529499
69636
734260
995421
151501
395244
40781
981682
508560
193374
506766
416
2848
411060
134184
996564
213675
378254
875463
298787
821736
596921
883372
574143
967617
103486
545914
197461
113132
795717
662092
128839
555736
759269
116291
727361
612610
191753
749597
961402
299174
123776
975040
214857
821267
615328
594903
645729
68823
620824
25811
800299
623834
587921
97171
645886
166727
855681
94302
140670
220133
763916
660429
174222
58692
934166
854406
731379
163282
834665
687971
918790
85389
314176
514096
110613
101011
856238
311443
935960
56533
547950
985927
633995
48362
496840
506881
546541
288319
864220
800051
835667
557101
818382
675630
411817
646243
240654
454754
264646
498690
532162
183041
15211
694792
940179
490178
291609
612323
460945
971394
692556
543719
369348
810948
735063
22427
997584
966937
837853
698094
401347
392155
687337
418887
136639
747603
15403
88762
603071
964346
519824
863894
184007
141149
386748
624027
404204
423257
353831
288329
905981
842310
595665
396179
340877
385457
382371
705715
296670
398401
144548
607447
255532
969786
248916
168377
825811
545888
485609
421324
848413
428275
935267
33042
505900
297113
120270
93898
934273
926938
10580
630663
526118
867077
951804
739164
880062
665775
617667
464116
841831
95707
269077
102782
135241
399413
610280
50501
627966
932985
812278
994333
71774
97841
547669
811001
950565
562971
200500
455642
35459
932840
535540
171106
229953
163361
842592
184455
940491
773029
807051
334818
796382
422029
697349
527719
508879
350960
105785
57072
404981
286338
106982
698034
66164
647767
841528
766544
847271
989062
653570
370062
281129
6696
330907
887646
62144
668992
614546
200342
223399
900788
406671
397635
439415
635066
204551
247447
942833
165774
887259
42109
439082
33375
643726
298957
591251
693386
739169
324443
919844
340925
890509
305130
22245
170942
231581
709246
837785
838596
582565
686479
33671
360899
354338
637786
397158
617797
786544
929489
875684
265524
202082
887986
61971
879796
951553
15669
92017
480429
407716
219934
761490
452070
985577
806451
338348
433485
483469
105864
558015
453459
41773
404214
136543
672820
567258
813034
349215
739668
789459
239321
955932
72773
765345
438417
132323
152805
570068
493867
190912
129508
304725
763037
466084
61732
187240
733356
906610
404729
72321
21886
995878
482640
205631
611789
193314
143979
131081
714168
918807
622730
299460
954291
685068
858022
640878
514975
292814
66518
504026
602549
375220
667669
73480
497947
183566
395803
527520
555289
727018
940903
46795
25637
448962
508254
288879
424218
648709
108109
111429
429831
783168
5515
279768
8740
754985
614778
281755
85984
526472
357036
504360
243990
778051
680033
95185
639581
602884
265454
16805
711934
183881
71866
224769
933121
211335
267427
484047
443424
262652
72830
56736
102813
771728
511867
935138
473775
174375
926502
563326
133399
107014
970505
172176
853970
121823
617711
923524
872487
137018
974339
66336
414402
791703
508341
386197
244970
209346
697269
629411
93690
976161
58159
141628
119034
99261
307254
17305
991353
181709
8425
639370
266746
702610
699881
464877
402556
823904
892468
606781
904741
227133
112803
356354
595338
199202
967612
35814
988701
168990
144949
409000
577780
64858
533510
858153
999794
346679
130281
266020
354132
42580
70513
721723
323866
145771
853508
942700
122191
150875
606455
785762
898103
199488
267012
804520
536725
599230
565866
810488
464790
154077
226082
574642
607773
103694
150009
593256
473388
389260
884623
98582
782380
65502
380074
470895
945561
783993
945016
303250
745356
393218
538399
895836
463014
805552
917315
144471
611926
757776
235283
528207
424904
634210
608272
904453
642859
919137
340252
333885
292252
757920
725306
324402
613108
91472
761512
386730
903211
879070
340118
685924
867687
664825
124546
560813
30949
94193
808049
903889
125571
183291
946891
757103
924519
394193
785620
474214
884112
692214
571459
301803
537975
865751
896001
973501
657249
919245
664255
967663
512452
439039
145396
955748
961427
206629
385394
593242
549288
679271
869156
489564
886989
208868
163750
986843
805927
602126
301249
821399
512704
102130
77122
935672
252080
333973
181173
259385
743334
617530
364355
546948
499928
494337
143525
348504
250821
621673
559812
760934
260899
462134
757103
627068
770603
486254
935544
48792
60605
794493
343595
317535
830704
153656
956396
942886
378170
513726
360236
767468
177529
152635
998536
634091
587612
5254
842366
358595
459121
475562
781580
174039
698699
322754
497639
118899
63567
698941
245589
912298
394523
977922
589095
229055
693460
920685
284951
228409
600651
880118
52666
283802
352396
138803
499553
568744
471106
11700
674066
186346
423754
422348
187358
609327
833234
201199
226911
826439
120494
268855
450192
49877
378487
942273
934985
117308
132000
555316
364629
344311
11159
524001
663217
849349
592147
518470
233188
163457
613632
414253
536950
780880
99461
597682
230606
618547
213230
467873
67116
519420
1659
863870
617599
825693
350468
363358
413091
894363
881479
16882
180795
398050
253328
97764
783528
970931
662979
234393
634659
207928
754121
95639
742141
89593
625813
119168
328816
541286
579282
298557
67808
596372
738411
800822
861172
1989
1078
862269
59148
250656
132350
713674
482142
416063
495275
342497
595696
541351
232464
315344
63028
347667
910865
59028
466491
321449
102831
821276
618583
752846
19570
403621
863506
992725
745586
183940
88516
588946
711041
723522
897685
222093
573112
282849
2768
166098
265949
552829
117791
916198
666990
84494
524201
438612
66573
972170
544837
933221
947335
97447
240217
947437
49666
49470
880596
992578
795715
651339
261188
426952
473690
602513
464212
965480
721194
930202
855782
951199
184601
139484
294729
216178
458128
232312
226391
792511
669103
695644
219502
145903
539153
911367
115721
9224
848823
663084
97018
