742257
844645
282322
328882
780090
415245
440245
877718
119451
690043
64381
5032
396341
197598
374650
933115
975691
953906
427849
761289
368198
370750
458674
842694
332450
808183
764960
475665
957945
62786
808189
481159
690986
105815
320682
501490
71654
423361
695832
224735
178775
542017
542598
393613
660076
504659
412247
894529
175749
604104
645263
360567
90296
254994
23402
246706
244286
597662
932313
812789
516670
977436
76634
935370
176691
398490
932018
456831
182780
991694
716490
12593
360128
514802
369059
944256
770235
515402
997688
153570
832042
332673
203887
603475
728079
387953
163195
569386
164833
417346
164497
493895
185236
850346
514372
911145
1984
435090
256831
602396
467889
357273
27295
232527
820618
284913
963627
734787
161046
685927
464112
676448
565357
655233
253181
740706
779583
753472
788152
107376
211136
550725
14172
569549
789552
763280
930832
694503
801669
475875
883236
213325
331128
315909
328938
133374
622697
506146
590191
636445
140784
386576
397077
122624
743361
513132
901326
895527
94971
457635
984375
684937
396301
608333
586127
809162
937797
653875
176146
708362
588087
472753
876982
61463
59398
904311
650241
372418
72274
684137
423109
892815
998846
352870
616313
579142
575772
603814
414902
247078
127288
382717
689419
695097
511422
613820
607293
535555
637321
410550
538270
289492
671496
956256
491592
817277
831631
912274
207479
800543
870776
778602
667264
292639
662579
729040
812658
979189
913329
227155
67720
537316
812137
672946
814663
646020
241414
204984
708730
538747
37869
71166
960520
86026
704238
309396
751407
802947
162502
777467
65183
270680
339343
438601
473589
710991
514885
988079
392658
299539
969141
553112
831576
571108
916228
793895
170881
503469
642137
44387
439387
196342
468136
710639
10660
555696
165340
497266
427326
936558
169568
342997
471054
367987
875211
605738
32119
244326
81702
640618
429294
311394
874650
117911
199802
39978
269563
70848
742603
440377
433195
344931
426420
640440
49580
46764
154053
502857
354438
248924
499913
190976
725777
481221
796121
294130
643744
397553
493211
779301
331210
787619
689563
822695
288790
643445
918147
18874
597314
186336
249338
611436
586608
833946
652823
98438
440046
185946
196609
748954
989664
818935
688165
211135
402700
482222
312530
255066
953602
6018
360628
671826
39142
782014
29803
892069
580124
405334
201287
74009
751694
640300
120994
203978
731164
636014
45146
313058
834529
505372
678954
874472
85919
626343
210917
700719
815494
988405
674702
773998
220390
65538
451158
729072
700398
995808
122611
305314
225696
636766
987481
109130
863635
783879
243799
415767
434404
77954
596753
652627
513978
224151
342294
610676
116981
244369
581213
843346
274931
79294
9185
187700
776958
781331
326102
432515
310549
499884
133254
415968
848278
30066
162509
920977
639749
135958
571373
938006
169467
510649
735759
718810
716653
692654
996439
721093
974360
783895
18850
747886
873862
353388
322335
68014
788544
978266
903751
914896
955281
980103
793082
503140
274098
45108
239992
395059
964631
985916
22648
685388
323093
20345
941096
259069
926702
305414
655746
565469
79163
242142
59400
444614
782644
291043
348
212257
367391
811963
994686
145498
204307
500693
324322
526130
843432
995338
109101
377906
550334
697374
310348
64061
757670
189477
890673
27519
132464
583170
848299
702530
774353
532555
166945
552671
495345
32648
176171
140561
923023
47514
567118
451109
215122
405817
343633
396301
290733
842518
656896
320469
54701
650975
441853
68397
898082
616161
857661
852388
469288
394823
323814
593462
582609
257856
510596
785788
932080
986879
156066
162113
613892
836956
804235
663541
157568
781016
67997
711163
263155
383549
7110
950813
214169
84388
797790
784863
503421
163088
351457
364465
184905
479352
902087
442301
581036
935394
908226
841889
361318
272491
163988
366583
649139
711523
989706
668239
962706
471061
983000
972990
474032
498852
182610
848784
314614
505936
268549
371864
414444
350616
294192
252265
734600
944122
236514
587997
608791
514710
770481
451090
112903
55601
145620
380661
593615
490900
250590
481334
876155
10516
362520
138843
494743
858221
253497
435504
389239
972744
452164
864924
887778
511964
540030
210896
2713
128560
234507
902552
206023
478206
761061
905684
790918
204148
53751
820864
490315
923604
448540
374958
106800
823291
283503
433110
181533
819070
974286
479300
41937
524272
491888
359727
3986
92608
380960
966698
202991
960575
778518
518835
771247
586880
588080
781225
630104
419608
448018
60507
731357
309765
608279
432892
90661
204075
844978
746162
642612
487801
939430
918349
95800
382251
458782
282133
146034
130024
428073
511932
487039
161995
234774
368242
646275
692799
733737
41496
966577
973315
288567
856460
870264
658829
330851
89059
719309
117835
980277
877300
552785
267908
744276
716113
448864
306013
890336
774417
35254
106552
28398
349833
649853
397687
811681
48025
157943
360158
576673
850914
237636
116246
396923
642901
960785
91278
391317
808935
601693
813884
87948
396513
844841
924034
566252
98899
591484
328683
259659
299304
386768
720980
926402
367957
994396
855463
411593
80235
201855
971331
805486
836237
677638
60728
176178
652155
320666
611758
288512
8524
904969
127205
26955
252410
199407
616406
784195
277143
10816
583353
698803
327518
540661
164064
42810
532581
973137
802368
175651
467630
913743
994320
806692
88412
26602
86539
547440
833346
658440
609871
815737
828823
646980
241511
512325
162502
75095
32998
116012
32482
511650
961066
652652
275831
261658
312768
563496
884347
825104
408230
423875
608484
170268
964139
311125
417491
353125
186227
949385
532718
723280
895895
328787
17035
247619
590505
38608
135175
504405
426645
147323
304887
136916
858786
819657
528630
998194
363032
14883
453086
957196
94652
543038
508370
340952
560183
982104
543927
602603
932949
881104
422722
415973
751592
936802
597868
753850
671821
974847
224963
782749
815302
992901
711002
520907
406343
408672
62817
310001
28428
682108
88335
66298
863847
662246
514363
706041
750360
811070
477514
998128
887508
181019
258179
743099
614056
808699
913215
970780
31863
252773
66684
570404
989151
767326
415376
645946
652538
264387
901498
304139
948416
595465
12820
260366
923978
531023
51876
805362
711089
389597
800019
813863
548053
12604
397557
330438
389114
951473
190278
848158
228748
324631
512054
371228
295299
770200
63707
678934
713889
276168
40198
239540
342361
310558
553264
469371
228938
636047
112850
838647
814056
152393
200851
517445
616956
586185
602268
295930
717890
202201
125256
642100
868016
648810
626935
842555
98518
964233
36289
694995
947936
720897
103752
460128
840441
224014
783463
436982
608970
298361
197511
996861
708960
235029
367376
670397
65068
554836
568379
67404
389283
593798
413702
364945
165510
863344
725633
579956
150396
520709
763462
448292
507419
274756
188294
209028
560325
166573
57277
453043
103151
198561
425735
459446
87485
47957
644621
844741
160329
211762
867159
239727
320067
869069
296454
10346
517618
618046
347609
667771
634521
854047
779500
62654
631604
573475
335810
738643
262625
629840
486583
699493
882716
45978
200088
126360
674083
367134
500558
715854
744696
132855
487221
278614
680901
564737
183050
615539
245849
545448
238531
737220
407505
207403
969337
220308
540498
408819
546625
752768
366578
754058
531160
755329
990710
708538
38460
695894
669046
10115
858903
622479
926365
980471
785494
133047
393741
80246
610841
549791
734303
890370
175619
273923
177672
563838
521008
303132
197015
375432
202438
595521
528154
302383
893285
715003
541664
806739
343928
411876
967450
355800
688429
852026
151131
7110
719681
955973
971391
832897
928756
607331
159719
245600
960860
433005
781474
755691
456470
581064
188391
284726
896471
321354
45694
559700
811680
662086
835711
997242
409616
607606
510259
89906
976147
491140
590935
687608
227896
635509
212094
12213
702305
940914
876054
946197
127699
587253
848515
383175
482606
254924
991911
996433
994294
642701
860675
701581
143823
560151
383671
589763
40648
17280
215077
506660
342542
354400
362484
247457
53313
205497
138160
740774
875939
218113
679055
217079
913708
448270
597007
833061
486012
95454
261754
17196
961512
497087
771531
989676
462069
433505
911979
820866
18659
818742
39060
552579
687840
994627
193879
188821
297758
459015
887736
30505
754750
3780
176311
717592
397675
371630
83242
237401
151748
969455
49221
418717
160497
720789
471548
535367
840023
743129
147775
42827
26790
378317
817700
197538
480335
438497
372259
229031
609619
695953
687098
498258
580023
175919
782577
551950
353620
718664
483384
983288
807626
380406
174892
653750
930325
727490
603576
308082
750840
823539
681944
569394
319125
439544
523193
874966
493982
291181
41341
204077
395046
673549
554074
942259
571281
822453
140706
160299
883690
402257
829277
613589
6931
477925
239826
658957
331991
777146
638821
777280
557660
547555
194074
338507
236148
785066
847735
536754
671698
148060
459848
966329
147097
272750
853052
161506
464080
622347
135149
479428
153522
38331
907389
278725
722210
49009
599388
306548
882492
347953
935973
282757
665031
150108
493736
395434
144518
473241
853571
228234
470638
571682
479017
247264
569265
302120
97476
570611
30649
936548
10935
762093
4592
764988
997308
226587
761148
945422
747181
691840
183112
33115
493598
522262
262462
181843
185319
512994
608401
998841
235391
23155
980342
48754
464643
416311
496818
632048
767447
286521
161678
736118
405347
986107
87272
667335
707967
679979
309860
74607
825129
769606
503871
24365
366515
316486
728963
170811
567418
763017
17815
512124
296656
217088
777582
159553
569019
204688
677920
852024
178583
683656
832853
272882
583190
405695
419933
320911
398696
752202
312734
212297
478262
760920
615013
152985
873543
876906
113373
864905
90373
675825
383133
576472
472858
495301
135835
341827
349301
521600
672702
192822
464105
649845
246994
38223
2996
888848
985109
940811
403676
397324
299822
476751
704821
490571
287229
33941
887488
481813
242957
313201
48366
801903
717414
820863
19650
489879
585920
703595
186708
522843
677521
200669
124529
827027
730119
529791
250336
102593
686290
263852
521088
751427
697944
657398
312717
978610
359052
218452
916481
589787
522265
331815
993174
541464
519480
745383
476842
500618
765857
946798
215676
288116
983517
29153
657875
774775
901242
339063
654910
745894
858136
3751
371062
57605
491233
492530
724127
413411
538390
966026
365677
845009
778500
390430
218980
81854
328469
872515
2936
866800
491074
437952
373970
914273
425766
417718
724788
27380
47022
916010
692979
48722
686381
326769
207651
47334
398092
30327
288338
895217
385695
573995
524906
585418
248082
563210
936122
413558
830082
18759
616334
953696
761000
807892
126266
53749
368624
935056
8630
263070
319208
236365
367907
671579
697491
678332
959340
291129
430302
422584
655303
626607
318698
777452
638555
693659
224200
56993
712124
741460
648771
75559
856145
691819
567766
182175
177879
450691
198014
843684
930622
915850
104234
695060
147121
616467
510864
597438
560051
38290
935833
89194
42981
840755
380540
641279
832228
918167
263785
65493
438159
523756
142555
230680
284262
796327
863312
620437
894670
856865
349909
713060
739825
579339
633850
836850
328130
923856
340646
587690
959646
640390
540163
576960
16334
78479
127577
202458
670697
151506
88185
168091
111830
487889
883791
666188
472431
557531
343017
294850
977953
878457
170246
843697
624310
513180
764060
222585
282980
178329
884916
6671
783976
989535
109295
774566
784857
764229
924592
376398
80737
526908
923814
596342
659673
593508
442169
183442
946688
125754
9936
132503
414104
593006
399101
62563
739038
646418
995974
540475
42596
659567
568849
945196
405132
56242
412011
368274
869091
684932
33525
359095
213271
671415
624363
843155
983895
343451
660818
651762
215942
730929
656318
134771
401947
87607
777021
157356
650647
374306
939939
625067
716836
742570
989619
914711
962311
215039
779047
457526
904066
492057
83421
307976
601801
588333
725982
894800
310942
179003
783563
156402
603083
889732
32998
298039
230716
502938
809274
117742
769270
394767
297769
986094
695288
5327
669136
933302
292908
414282
218072
32565
772810
355529
371228
78565
35914
693666
956722
998353
138435
428039
392088
947960
203429
751480
897917
272394
394448
631641
70057
436111
529550
829918
698313
585575
546292
754402
99035
367532
344464
618199
32242
544627
634511
815704
745126
821938
678062
202779
455388
982715
71707
659586
520622
664102
549416
920976
483766
968590
418282
690680
55612
76529
138612
207057
552762
519995
524459
236199
333640
16412
38662
443883
449128
646549
788389
58762
97840
130771
198922
241370
847504
66674
686456
34097
883071
33826
565094
828752
465479
155175
937184
469821
44073
298746
472315
455214
815982
840653
187763
176161
930443
100332
460899
118473
136751
859839
628191
824674
802989
623916
95473
613990
607681
257817
979439
983384
187777
4751
168054
645245
202081
696378
932421
728874
834659
340685
508792
495545
970585
319426
218846
453141
12632
315007
764410
465653
217723
171668
821587
598374
352657
515105
835512
586368
6180
404245
737684
282170
994279
322705
38569
291418
314875
878250
253165
872964
911838
923277
263102
102004
818928
385405
290498
36295
384803
921209
785503
179635
784959
656441
933012
949848
454352
587478
955954
907054
825517
935241
659259
867549
428773
887179
970773
58731
154439
473692
230443
876559
652366
482976
840929
552101
981479
490595
684401
638907
770721
801405
406055
775624
399152
641745
140597
314044
296478
184943
85684
875571
497743
771098
163640
664515
605103
591779
743886
580276
185722
666804
125268
67279
891879
971881
575157
515215
850290
613784
437697
85684
816837
519473
692517
180599
473346
251713
690891
730392
273200
511249
405841
584467
306111
372843
535390
479537
839033
489596
386151
189242
327
330581
185469
609416
919902
607563
536208
632886
150724
226175
340932
298872
54339
994488
265838
516933
253736
945708
186027
22126
361464
76702
485597
756946
262129
59233
822851
63722
51704
378170
148148
981376
443108
778403
536696
298173
30629
903084
288771
951135
409234
878845
267599
226761
110607
563126
866132
657140
720279
179703
674087
706308
506476
968955
169837
176629
661464
816479
102842
276724
64478
258433
515978
781130
365954
639939
67674
86323
887666
548591
636772
462989
676560
768309
485878
260204
10013
623439
180974
324298
920003
834053
251796
23516
692031
107916
711508
811007
766185
538762
755094
674961
952161
729589
515580
877213
463192
890713
796791
52398
379128
605816
902150
52100
960753
407563
883725
460708
593313
765351
515598
512650
834591
313019
176070
214586
855781
873782
504934
527029
649495
81605
847980
429510
902068
192570
278942
498299
668760
391624
683875
905073
482923
521451
257278
62921
144554
242532
430887
54519
91792
966178
948744
486585
713376
443389
167761
302564
169234
915419
645560
885913
264920
393205
83025
184663
484299
989428
195781
770730
184055
196597
890610
478146
458879
969772
656607
173854
900015
21156
299546
25703
852700
723812
559344
67097
358842
593901
256969
187100
97274
70241
443485
144561
645277
458622
974615
984520
656794
449415
745348
834606
198376
239363
551544
343459
51049
546847
691134
511434
701939
878958
574713
40633
88635
287633
73435
947568
877536
528370
173377
727719
691602
111594
377898
787136
162589
674755
13651
467292
436310
289239
266544
794697
429344
435543
895624
349017
147675
744936
205614
551118
387627
340775
623255
20529
458080
794381
65565
911490
481607
446894
925327
172233
990732
574939
972594
295947
179402
685352
386521
415064
467697
854600
120732
58689
650259
33044
911032
856808
869579
327530
322243
611952
135562
71666
732554
947282
990015
18108
547721
46801
173987
793477
309446
57670
810526
862489
596042
387093
597529
581394
63549
87616
226401
944830
596637
928474
972020
894111
7706
193235
50796
402828
481810
850418
670277
831412
662500
415458
970509
606850
661811
247715
902439
317149
674425
874593
255739
524743
666181
67170
249150
110565
188050
75224
472089
217181
371462
480662
464824
156507
510596
577248
213042
995951
669294
750043
755344
407120
48890
319459
206076
802564
308719
327611
309832
834071
99005
334751
785623
755080
812471
572982
446956
186692
638638
673891
178893
337738
197739
281915
697939
146477
732360
581201
514193
737848
624235
77484
76063
167659
367328
901338
987394
196836
782803
484830
822457
726809
340455
885764
255270
93954
991733
714070
16920
408275
473892
557543
807985
130215
917473
975244
586553
285304
458555
69418
59774
151051
555678
883435
697701
498089
68650
802955
756818
518919
826608
634254
818223
693639
164553
698324
609117
731671
430418
581892
751733
458744
582983
711014
834745
536793
545403
603021
58589
214945
783345
349361
737515
921292
521755
420955
76951
19437
274860
576889
345439
361425
789148
320721
132894
685956
413368
514899
615599
733357
684195
498311
346872
966740
604205
856229
36506
60484
966989
153795
610355
466316
233790
538857
898574
896799
281140
206720
99880
623067
810106
750761
783136
69159
753450
498219
260666
644789
134408
970948
188559
182631
811387
657760
495701
731790
114856
106471
485831
405069
738220
721905
747569
183132
852214
309461
627226
458984
161984
901599
607693
741336
628648
637727
390726
434795
989679
178334
245622
392701
669581
777644
717107
312872
376302
230741
794239
893639
670797
466674
435187
309142
500140
80219
217097
617333
763373
878586
791811
686220
115280
301435
628858
432840
675978
380255
347014
623106
220926
624368
816583
873857
34458
762639
563982
557206
533713
226409
674156
16038
470192
790728
710932
446916
527903
414725
58671
32892
281463
214236
135101
405357
236666
376088
837410
351118
81523
256429
21589
418385
985643
414692
343648
935012
708293
935857
23316
102420
230647
881888
465549
146892
997733
839534
678558
974076
378204
603060
127192
381205
272999
619326
276732
3632
760082
607994
946555
848078
268153
88716
782501
667706
361803
470014
776502
101835
518113
831573
479610
328902
234613
777983
331353
662048
162240
508648
651843
205792
703924
40427
820536
999331
706707
561317
755060
95609
814186
58854
713974
509933
73134
13377
118764
47395
918513
15299
116989
798041
809665
810112
927986
721808
730078
932553
618946
216260
480149
123961
356920
554262
552701
9455
277955
883595
491981
717910
784858
499565
3481
768543
915146
409615
524263
286928
721373
508974
284082
956534
840745
43507
869050
832054
310130
282710
126918
202050
17981
928732
366840
710759
807538
885824
414475
146498
365740
698608
406251
915218
734305
617966
752176
234985
477417
209943
274617
67709
879148
146433
170465
675803
238637
209661
278369
479483
211501
314363
567938
144366
331645
643149
244924
10676
849700
203012
883760
451882
486312
263543
794559
732960
285117
480226
989125
389769
385863
15978
757878
70987
734990
579454
850643
855671
838077
155738
38408
547859
825175
705957
550245
59026
956023
454970
407543
21093
52098
393348
292931
363882
854443
741123
586974
2115
311970
320363
562796
7554
527898
12715
773363
329984
20469
405131
255899
107405
227791
938670
559940
884929
211556
205943
311108
717617
423839
829576
731323
151613
684160
623206
640085
376647
433384
303865
244828
936894
412356
235183
611768
192984
146132
499135
569604
765022
585431
132939
362509
693921
864341
936542
316618
922824
515477
811314
591695
721704
987675
497182
902978
203410
347469
487932
270915
952596
84796
704653
224598
606679
475472
534461
301391
680938
544073
677756
891306
824167
57377
780094
442103
347524
963918
744395
787250
505016
951203
450307
803633
737159
848854
158898
228470
666924
480604
124556
306916
552674
605425
349061
684367
852304
235956
496143
904300
384783
620206
210865
818471
543769
875507
145729
946068
710223
447905
254078
37693
135910
92165
411532
189401
282992
209694
284940
450462
782915
765305
629783
62766
930120
357371
328152
949228
146082
561917
437059
254130
195448
376209
592822
872411
81889
915108
170666
796283
628075
432572
489814
112302
304072
185376
772256
404430
414870
545430
317248
728638
886409
139015
301556
365859
240120
959359
907866
233395
793664
819985
232301
211941
446425
354327
622366
606984
997491
885719
9166
648688
192652
774914
315174
854730
590993
248086
178196
755857
842606
627939
503266
181465
842484
847082
504244
608137
982822
533280
234270
410278
496224
736531
352800
641674
803493
846116
483135
725427
945603
691250
279937
352375
506341
587415
816836
167125
461685
379660
733563
110568
438508
538344
292102
108405
167927
233669
262509
383267
516807
943043
608442
470090
538550
65638
514544
430947
71185
693595
572395
620576
26950
20184
475093
851861
906155
355809
780546
872659
740136
286502
684841
398806
100995
659465
256768
185492
949638
984958
826163
409589
170511
965068
628224
157346
114676
759280
574194
396599
610960
712224
373943
726674
550511
840749
407264
762381
623698
983297
708662
243336
511455
467528
574707
808031
68136
62892
513252
441531
366998
246328
45977
258628
13554
805214
455045
922548
81935
734356
183993
202311
858200
157400
535224
973646
140146
477461
593270
7203
812429
215646
899058
163831
676172
645399
738733
506951
971982
843186
280133
109550
723545
191831
687795
918419
546147
351133
333150
151874
107260
272757
307545
291801
254683
165607
21312
52953
672387
658036
192298
905948
690961
221657
680075
26021
545701
374645
886697
125203
153515
814018
222457
807920
984517
820479
943126
646054
310039
450926
750237
711057
692846
436537
43943
383152
763533
820848
505828
851316
689110
76269
397008
128699
635410
5465
157781
161430
540893
830151
477629
697798
973105
118718
132370
564038
209229
884692
525205
687746
704961
443573
883223
152805
855705
17987
730999
782480
512227
744792
806008
597926
608671
892582
313725
617476
126147
876096
635620
520718
899048
870641
564989
881573
414292
431690
779558
134964
718245
463802
961540
673642
242966
584853
718112
852866
555761
250103
775067
454973
821841
148674
620111
277618
895571
528514
877316
438907
323481
428722
964620
440145
33082
217112
82748
669106
232137
779915
647495
850494
508225
637013
341112
10978
204490
790451
389580
358699
130666
306681
956201
333500
880715
88786
661823
208475
512228
39141
157050
120613
530439
419668
696801
655074
317383
873566
52558
825587
911236
118820
355850
942504
917909
285065
905220
370222
503376
856306
194670
470565
675385
209965
394485
802832
869764
634670
227803
820006
878344
910260
827954
337029
670019
153098
71031
367750
172996
760809
715464
888555
651961
11898
870595
658357
509077
638522
445821
267667
986333
799927
924316
666036
395792
462519
860882
101309
281265
659127
711286
759255
563314
629713
353280
46239
165887
957687
318433
496705
932324
527131
68349
308831
68251
482929
531078
311530
329462
340300
161974
93844
588517
358821
156393
289628
808933
635707
429140
250952
558470
540948
836262
66673
551638
840097
495993
205176
935663
946047
865653
627606
35866
572058
873986
703378
109855
619116
283047
18187
743467
189411
389188
820149
374491
577185
128232
20449
80811
616989
308688
970420
445046
685670
484861
196281
110569
978184
25008
125139
173192
445895
792261
596683
106588
763336
592170
765704
499896
732368
212282
952732
742951
595171
976186
249402
271797
451598
472558
621318
14614
879233
698457
600069
786166
246484
827088
621940
877917
12074
652346
667316
308798
779379
186022
161122
741853
850635
686345
739141
978652
787840
414995
223905
793120
49
927020
715688
820708
279441
853008
933200
790938
859787
174532
493504
908601
663168
814835
836963
3048
566955
714090
915103
242181
132390
719597
432864
699346
605189
884020
613070
128060
906976
972613
433373
93066
143791
978031
975298
231071
517261
241056
183811
423851
394271
647780
970279
1524
597390
174458
841741
475325
697648
49557
202777
753296
772036
288620
883017
898669
172508
910782
300261
453391
105109
910502
76885
18583
328898
342038
128717
226392
309159
478067
90595
805438
292833
888013
186048
43611
38883
698233
90101
22095
533403
820493
268133
185876
452211
707704
44256
169764
536563
145403
86225
398471
750723
744712
922253
299772
847502
165365
53835
293123
557827
413341
212467
531589
774901
487316
563855
828961
742562
485316
989086
677781
85841
234153
81607
759876
520148
435109
849259
915113
778797
68672
59667
363353
997645
398208
33672
93486
573112
988577
451970
782614
763716
843634
95928
414390
406143
651532
175574
924860
450992
579695
661261
987904
929142
788154
832068
771030
825550
551559
667116
551474
30384
829537
782257
73784
167832
868643
772876
594336
230114
338286
405109
320131
694286
192198
120886
161284
50532
652937
233563
695645
545905
910478
391238
335173
494319
164502
203551
353915
297986
120561
844968
701874
55775
154033
70318
822297
558023
683843
675547
89606
697329
453487
513257
648318
984902
309420
853425
773539
939078
241888
819873
3707
707080
341748
400140
867801
850206
834705
226908
66730
777815
286521
660194
363358
111262
626244
754190
191920
767
592501
461178
167188
505674
175672
706528
679613
20752
529338
836653
562440
884490
268709
503661
165896
712858
377591
173477
615278
935017
412158
873343
621333
646191
852466
163360
177832
983888
991918
811158
684209
209060
9869
663469
236606
17039
842653
826656
48498
750415
913155
19309
499237
448981
68331
548993
783289
215306
943977
215059
206394
954482
297393
804621
16753
479662
530159
399012
776774
723611
866820
377929
699087
548312
345822
877815
235769
182822
444275
144877
389073
813160
748634
655158
117424
290697
349510
945443
793665
558908
891231
739867
160240
583391
972479
348809
72689
798201
702534
33587
679978
39458
787866
5867
484414
788162
440766
465822
167159
401905
200078
100169
628815
16126
236500
225676
199707
463307
585163
225303
782869
221078
122414
858369
942980
399122
686395
116343
562698
92531
309449
942929
300874
487049
348867
573760
19124
667140
949312
73124
368814
703574
947904
843066
876832
190646
785542
447987
631772
475968
5389
874655
231465
714425
893224
281544
15851
118577
658745
325276
263728
43009
794829
657857
891417
287412
613651
247117
669859
986242
315447
473422
32977
800951
503520
712387
393720
398451
723650
691630
393574
757386
640672
276353
856752
45451
705122
419253
616215
550750
256206
832250
474518
566855
177126
154889
240715
839047
32030
578645
526463
64417
695481
807583
426836
18426
798463
804969
803082
549722
552157
644098
880942
782159
902361
501568
373727
765808
853616
933900
595262
934463
236365
290903
999410
409768
632104
250283
829588
508454
280314
720668
282046
624837
988824
50845
975403
187714
858099
60079
737483
174798
419883
221683
233894
248369
213323
280417
965866
547276
184229
883665
439699
730103
833483
81399
666421
278472
748007
626668
58985
532149
22904
327783
890002
624849
783850
489546
530123
352498
237776
51288
111599
418420
402112
245445
577028
884758
692235
370214
142148
218497
438231
641160
382794
188969
526107
785628
728982
256012
293047
12048
581501
648088
565742
506040
380080
418602
960641
393259
434214
892656
266473
162219
607785
991407
417520
558716
717562
661984
953452
906581
754850
38006
740633
467060
699415
598651
581202
531660
834631
19608
622572
573146
641347
485747
45295
419670
738827
477811
659762
49284
773746
522463
166802
404329
141678
279460
335566
615387
722750
378741
280642
799346
919928
781837
743358
440923
574062
338704
312835
367498
910076
177743
565849
846671
99185
103850
378576
9730
563544
928848
907921
770521
458146
224739
15199
814808
442097
605622
885360
673255
118467
972088
144930
627647
98169
583786
492444
850750
636547
194124
633730
955035
998763
926166
116052
983027
367290
155938
781412
370306
264266
33511
191410
553133
519146
993567
643877
365691
807207
35402
624168
588964
770941
268044
449631
30786
627994
139314
786885
168676
103371
930066
223268
776962
211014
404880
370927
495242
62291
948861
145855
654873
588311
584217
555625
740293
690110
62009
284856
969431
393220
884612
838220
374614
487777
423703
86798
16510
869967
145737
326926
289168
70393
124360
86460
696579
397761
726882
923840
287640
117294
514656
404086
771019
627441
308301
750473
884773
236498
422036
221163
544750
130300
639047
823278
133952
785761
325948
867522
412215
286603
73362
968460
967813
960257
777617
794783
612322
616722
936815
54553
157024
546177
477231
235100
958172
631244
990500
901864
584913
968603
796756
180114
80838
138306
256759
293731
243880
345267
747103
182288
684530
715651
656561
988881
38984
539351
697489
405408
334372
256747
379740
174159
220775
667262
645007
790598
768145
852190
251717
647320
584844
152587
970269
