138321
137406
551392
453977
795491
299872
357452
636716
480075
556321
471397
518073
121201
523337
769883
841850
438168
679385
639206
160205
89667
915269
529403
829691
259124
74575
642714
937637
463568
931841
744196
743949
54238
425415
561483
508542
903278
941927
32513
897689
594134
787613
380242
882686
798104
775383
803438
817555
344543
469769
131998
485876
130024
471854
893880
29495
126462
58589
137518
996570
785949
938564
603200
386060
557048
25219
343954
923988
664470
340711
582808
237922
163287
64513
33453
283633
290709
528610
571395
423893
328422
781686
516853
280102
110333
114491
952953
856585
718192
432092
742961
673176
680468
177902
839968
611245
792900
291270
28473
364304
679681
466676
745043
215226
359795
870177
817146
605766
952846
669761
912543
822195
274640
339892
757167
599320
797734
478399
574913
262373
924462
223777
510120
685137
920664
401109
591720
548261
727974
267556
466502
105509
824658
781411
627640
291350
791054
925392
550972
3569
344678
909893
632965
910818
255234
350615
744591
454717
157767
105678
51412
378366
999198
173952
555863
187451
541836
271756
932765
532008
419072
924080
14075
644039
801964
56712
850187
495914
585483
9892
678840
218406
901120
139460
107001
986454
995615
33778
941147
96969
504837
426300
977910
750153
160865
456589
970881
531081
420630
102184
819714
328874
405177
678464
788830
57130
325685
923702
436814
120297
427278
893231
205810
955865
792642
559889
969471
96322
143307
343963
202965
498736
313218
52639
144492
733882
333149
381852
802668
658287
663193
171964
195099
21982
608947
493542
44976
79042
223120
828417
950599
281416
889404
822727
802862
476351
727183
78785
517084
666459
721324
752740
141953
620134
339235
638792
218489
568132
571126
141057
717530
294689
929273
213596
572972
396281
457298
841848
22520
151299
718560
201086
349177
842491
970168
349886
755952
598603
879051
448935
913683
304533
900451
507171
283557
199007
403980
889933
921121
59228
78287
48464
57680
392467
48538
963869
750202
983534
995579
278792
816313
32161
830283
450112
114088
974773
477096
648489
435771
727152
79066
540120
424809
813347
890775
629546
278787
644304
807329
979841
832424
458293
523533
341852
773585
370298
736352
431506
967048
672562
737170
235563
817462
216593
237044
816923
101337
141675
712493
942236
160852
31077
327904
550951
939744
575098
152105
876942
814241
323436
566023
275065
468179
49861
916308
479931
653283
506312
405550
616016
356954
979385
506682
67893
141876
882758
257791
473764
731087
789265
973613
849195
130431
712091
603393
739048
137342
401038
305408
343907
158145
665318
766688
147144
239845
801406
199942
482175
877896
676851
659434
975530
133045
333559
920472
291834
598455
263476
980751
900591
767758
328346
256396
476074
783360
489351
794785
574896
841222
399058
748670
672125
888039
173748
644817
575106
719203
240788
984906
183742
521285
346350
429815
509364
161947
540767
56975
460942
226178
380687
374922
184782
504667
502779
355565
43757
579610
657246
545444
512146
51453
790331
555527
772400
221785
543882
327743
737916
498575
492732
582018
761738
245086
804909
214521
327939
790675
294310
633539
393989
272731
950155
518227
436439
88121
853159
233717
844423
756882
229074
804270
83491
714661
711165
78336
153616
79257
336218
885324
626122
643183
477802
430290
980344
937879
558884
443604
484587
60830
281087
274970
429619
840132
871197
873486
708254
115244
664852
623239
566414
189676
817241
56611
162038
588868
963915
801293
894833
714668
819098
946526
800062
673670
237714
504607
674588
680563
198088
592173
843774
175874
950943
517493
96940
390146
50167
197407
547318
83832
109491
28040
179605
994540
599334
525543
515551
395806
785818
898001
642598
79574
656124
140055
945263
918745
455847
667085
149194
525047
252491
807462
113107
708545
364154
322683
296707
949401
841679
497386
18803
854306
158267
925403
926895
270486
340845
856414
591603
67957
566877
71792
669637
240155
441974
100893
574382
234475
653150
351103
652566
148199
74595
217124
395387
322978
989699
679629
865742
657932
660056
6867
296170
676268
270430
785893
39729
200045
183651
386220
530181
250383
36618
2383
638624
106942
50427
333586
297425
511936
513834
254425
347604
770055
227651
882571
2572
622502
908719
396946
684639
82849
404742
372030
854062
612701
533457
973257
76080
285494
974778
347189
923562
929967
432595
755154
263821
604356
249023
125084
885675
165980
853761
364992
775895
594458
317791
400831
691673
864979
805234
950316
136011
260954
376077
726223
162324
561462
284104
298860
851646
749493
746472
138845
803637
319450
654124
149596
710494
250801
740406
314333
2001
961412
333076
963096
400501
801382
462827
184164
260663
44
747583
389055
171431
120956
135841
557482
466351
223485
377334
972465
607984
267118
285599
599689
892858
319826
881418
90385
55720
629513
404885
111419
77718
689467
746138
570692
191169
225197
623195
675615
49977
992117
18763
43504
663493
118282
309111
463795
68563
53813
419791
822013
224794
862308
985173
732891
598990
851997
147233
504791
741695
237264
453326
224409
372175
730757
506629
262633
91918
584628
569572
569362
640500
530739
24906
29794
948346
85962
781826
54287
245269
741090
487625
778932
734544
455836
105341
627832
691716
86911
955685
13775
704887
805577
781271
584794
695247
17574
840778
343274
145521
202430
712632
738082
169723
412201
285359
686266
973466
43390
970485
32480
664648
702601
586838
181497
266789
257562
832844
90373
337521
224826
239113
405664
79460
967097
815139
962404
312554
333603
12252
195692
598462
22033
85837
681460
746274
890267
664431
323612
315768
573995
840390
614795
309313
9645
852715
958192
811183
293858
397108
148836
169256
107668
492930
294443
413018
812708
526950
48090
644405
463935
902320
136530
564682
532143
706710
877930
998974
214541
939454
906667
870378
193493
61416
294644
63507
877522
106235
883838
573697
132152
403051
752378
393854
766032
150403
998871
587436
473678
810324
393184
402179
329662
523578
156033
88039
890205
58439
363241
273314
7108
290383
468171
566339
770687
977744
974464
288530
167612
149563
362887
504366
904159
606051
181548
836613
995506
135425
187974
186608
914682
188514
463897
616553
325605
921646
180060
345322
84639
15381
892118
798947
23043
93015
486882
629078
971567
584304
312529
931987
741488
320415
416302
836491
977180
34450
396508
925524
802239
753328
747356
52920
300909
400066
519787
750330
740727
592191
21064
378790
197816
209010
843091
668116
102031
502922
546705
706297
239591
931646
503116
690665
539697
949019
384920
509933
342323
135979
933936
841084
747002
628867
346494
356058
223211
636650
25401
23242
799928
573345
79977
773041
256878
66708
641030
301449
52906
539227
476542
409790
250220
439405
336854
870761
447171
492194
614376
540454
330664
42786
257930
442644
805671
80367
808591
883240
719352
272973
402343
886766
304876
766026
606242
312350
283395
225581
890129
77527
729306
893695
156685
531386
548801
187248
112657
491046
334251
988264
209346
142347
817407
507564
208656
327533
644555
24680
148724
645559
898584
314271
412633
645497
576088
896940
741463
909376
669244
422899
639066
482513
70946
108842
354977
962241
499180
212542
797155
828660
400684
287203
769356
378864
401147
958267
388644
830237
281321
252898
865489
869275
780558
237780
235315
359360
667007
513275
572141
187309
12956
604953
291204
103436
721543
161231
360351
220840
448367
72904
650158
658792
244298
634309
873768
664041
136545
642181
614124
539895
193477
818640
933641
368616
639455
486368
305177
859670
75557
947117
613192
915127
151465
701844
548850
978011
743179
799331
417194
429633
300047
546307
515864
289813
232649
414658
221306
177866
529525
535741
304011
757840
975971
764390
148352
623666
275023
585080
328367
849807
309455
49908
653387
743475
652325
300566
715146
173650
841908
384665
120615
155104
689680
661476
129155
37584
501230
832848
296743
132839
733050
663830
64740
957115
766472
927706
523291
305165
592610
229966
380249
446784
269120
412996
998874
597430
115797
951317
382831
566406
238854
873063
547130
827291
666549
702301
956821
815340
836412
753505
143058
986579
521782
282951
500189
345549
670711
118174
73022
537101
626459
934424
507195
545789
517052
38099
791194
17042
224829
273987
480644
522058
470787
848254
928005
604485
395652
189732
799152
162749
184951
411689
562656
22180
369195
506561
348249
685529
217140
439655
230988
122566
100927
393097
599929
207384
44679
330323
527151
507612
833824
377750
255663
940659
385265
277333
927215
39409
366527
674156
181178
521368
48228
349470
973108
390956
401694
696185
875196
380851
66371
368808
37354
991051
75219
207061
385271
449447
147686
155576
169532
1256
674500
917313
613267
203220
97939
638686
11098
935861
720043
701481
635094
818448
470342
222386
691955
359425
389779
909156
916841
787568
364393
462550
125947
994546
904024
391984
369306
414590
478684
24312
590502
746441
584171
978616
909396
351041
562669
451662
37098
523171
984012
491600
288679
395258
910945
766681
425089
247605
67149
497653
439110
759203
801513
985317
768484
572237
248981
731215
506500
556784
724717
568581
24080
759765
965594
764720
936918
912463
201924
596952
254340
75857
926757
692435
214099
145641
744633
218185
667841
989789
166738
829791
65526
481376
864135
67144
848712
280369
177100
395492
696346
654417
331293
596371
236831
287455
154773
947611
142268
667921
535515
522354
621388
596369
401275
42600
729853
548146
645075
826547
662487
288525
137508
194713
575069
409980
726856
199796
377484
543538
637059
22053
809728
391606
982065
759384
420214
312762
569375
271151
323628
258652
484086
271949
568549
361272
758290
495170
397705
973800
79346
337486
981032
5529
94535
698900
563167
694987
886447
878172
519507
885604
342587
380485
59163
667826
59628
543365
735738
556732
732413
565214
624777
217347
605530
884320
979252
948762
217198
733717
940059
240287
170650
668492
82648
596757
966209
510021
942240
511583
468864
96118
964802
316635
968315
79736
29581
992153
312915
192017
418255
492151
174643
749342
526839
293403
522506
97821
165020
776779
354963
665813
950422
88940
154895
356322
430986
817109
358357
993889
89028
7759
212735
856692
877245
264875
432582
509042
791355
802048
603816
84270
244632
465344
630469
411106
586650
651062
250186
555705
608577
57055
3844
923254
909856
842722
303766
328772
167907
952940
229958
715290
445935
126508
125873
184010
384039
632040
878239
9319
451850
121467
409457
430673
495161
667627
14455
824927
754774
525675
264158
573031
602441
645290
848838
176236
61916
921621
376242
480933
314374
775152
605913
331942
605637
462732
785561
535086
929700
877286
224075
507404
691100
659868
658417
455854
698583
829069
469324
996551
342031
72971
501259
83292
753749
503487
368541
454252
77230
186202
20263
477626
593176
85492
650450
835960
496874
674627
508091
778641
170969
773560
995982
413459
88855
479481
551533
30904
484309
245559
383881
729744
147434
258221
937044
695884
319180
25716
443021
477161
92922
40452
153786
942070
98940
499787
941108
270212
504450
249891
933148
573930
834346
94516
212396
785010
664669
841830
683944
562916
152857
560896
162290
169580
718281
520162
292413
704362
889743
714395
952282
313111
574372
781032
943150
256271
302551
242634
390789
177727
141361
891843
542847
283819
565498
71916
967720
884956
111252
753334
20902
948901
804420
718651
28683
433361
706257
794944
735114
401771
971077
112458
878215
530282
904656
483801
211783
394806
804748
728069
435783
107739
236892
293044
693736
287881
290349
816310
102727
522565
659102
206525
887403
917680
381884
348924
321496
554610
904742
962010
128640
830403
913616
373459
397145
322646
992546
358764
315402
821282
391424
184401
937279
305742
611429
496140
903579
346104
535336
828324
703757
690338
281569
54928
66300
174521
559397
357590
601116
194563
447532
68229
472226
256869
672852
538507
672084
31439
928319
158644
611065
771013
419863
483264
316144
492874
783601
642207
847325
428011
644879
636747
525374
565605
949440
550850
590108
613620
578082
172447
18332
666745
590664
523028
175669
597958
403126
32902
955708
640650
821641
317509
778266
825300
924916
561895
368480
345669
196836
339008
993393
912535
219653
43583
209117
840708
709598
680360
124943
333332
58136
518889
725020
500102
139292
555420
623355
120858
77721
902296
876692
184569
105509
848692
348337
322882
572475
565977
249041
967026
445539
867715
432795
933167
157743
299668
654640
770737
362273
514005
400985
555726
176298
656266
898464
609568
39437
125680
671226
94164
648162
752213
200289
678418
440503
103572
20480
350404
980049
585708
880712
188358
537040
460477
930336
61160
145520
599838
539769
164322
962348
838365
947647
610517
721597
176468
193451
808954
131136
647972
204021
131497
426037
328977
608743
830216
281315
806010
88013
798990
655706
530675
270217
797555
604112
129025
586883
519542
685997
959601
862141
124682
853858
450517
260804
78046
712692
844956
167746
513032
484695
585869
788977
67661
520373
418464
505002
890191
847374
882233
363803
999828
336825
696065
831639
49071
235016
367907
305480
349645
929737
796896
891391
635613
77609
118864
209324
127453
279028
356854
808297
749246
382007
924222
422512
43763
334023
837205
450734
281435
886554
631781
568751
778697
725202
434988
747000
230636
254106
376056
254067
624800
788521
509825
495749
865040
377380
723235
488124
497541
521824
815350
579876
358608
495429
997580
758905
510416
311822
224966
398710
851745
326636
628499
703116
154913
262218
489414
105710
897632
440108
865555
779209
969380
688049
243111
846481
58773
964791
28641
310519
123787
900509
961648
254326
604339
613603
162250
948301
54360
584238
995077
788423
775892
621737
27990
495350
524626
463877
8997
211902
680446
505632
192521
734669
772172
668803
585125
176616
857506
850054
252766
48993
473443
788302
225336
98725
740761
597559
439372
505777
561406
928204
569896
821605
824359
568243
56067
252017
874062
844966
614043
252396
824890
720028
140589
228291
705101
544198
584464
655886
785770
127605
652655
697022
977729
233112
9953
811443
284280
916451
838119
306090
817271
688844
675905
535572
118992
332079
452717
785217
91594
304978
211773
969019
691145
407938
124628
300080
289115
504988
533564
516167
393057
696808
3239
762963
753880
920287
700865
46053
466627
348173
748014
544059
830263
887569
989349
219991
673346
945474
515304
773803
244345
135852
922143
207920
149277
771064
301776
567638
412585
297321
202686
776790
658107
355779
447899
984995
260764
242566
620906
905150
70062
808664
527734
337001
559153
389184
939624
82419
746994
433294
646345
169394
920912
40537
142485
153103
802476
193185
397048
868219
864172
683538
291880
89536
888748
10154
404382
412722
375171
506481
28466
669188
961197
280679
515858
809143
559130
255356
699678
610092
624786
441593
82275
585243
153091
191612
205363
208028
590505
162720
723677
90147
752792
640123
267919
347017
819497
156865
744644
956997
950719
958533
63339
44281
810548
34784
16086
367145
353061
542634
948635
344006
308183
77477
479627
664488
756549
817082
822412
659547
835335
743963
983446
844240
40160
805703
66374
828981
492132
450156
30050
691935
117572
849702
865834
997858
706936
204518
442775
843139
237192
450350
239667
865605
344118
702136
263956
496671
864971
440694
506934
120719
117949
822453
294452
579336
895033
117147
47843
562951
562963
673423
118603
43396
711944
156215
512835
695043
408556
333660
989992
926985
426612
814955
205498
515884
820642
837077
287123
980932
883145
969557
847876
461630
531900
709713
482509
668623
94615
212058
917433
837252
360361
629774
213076
991288
413693
116637
192522
571936
939844
826728
657118
884288
504352
437893
885507
6976
49167
154335
861786
655705
535410
18043
631753
264362
833465
424021
567284
391015
960237
535721
283931
346608
336282
503821
313872
962112
464663
745339
745107
411516
308660
593581
987276
661739
759294
825313
210596
217093
511601
579900
457088
704036
882107
693451
979482
700567
517609
748772
512062
301590
660336
763499
763999
522831
137242
723952
80084
702623
127820
744054
762354
621852
216432
407951
907590
761871
925827
212258
903983
328895
879612
866639
836950
163752
13144
905385
265740
416843
143359
646754
233662
791391
531348
247813
758743
981733
814558
681372
258802
974553
276174
291697
249339
967876
208748
780210
700513
308910
99746
580461
343545
151217
880549
894907
957682
960425
611452
751354
20529
809992
715822
255795
843273
94790
896716
558554
677208
122421
490520
564083
842753
197746
657105
297681
779585
54520
917020
609465
44272
727438
735761
280742
323735
882337
653727
377254
46568
145196
644508
942434
129630
859155
284908
854779
49330
329616
322061
270095
864951
6340
712894
851418
279826
848943
253770
115257
630682
779771
740597
833546
733448
866867
788545
877936
360795
442129
84189
807155
734091
373620
121963
788804
82663
380528
84333
443741
471181
435776
917515
5255
77638
127062
748995
636085
90812
841683
452717
71182
93144
375570
70890
825608
435964
706015
353641
436912
413914
827526
12373
328198
236335
171141
817823
225348
938272
708131
854627
130815
533039
950426
945401
791271
12570
623343
568091
541353
891856
759971
210478
520819
498128
712962
537711
403095
679265
248792
66363
547465
84264
487811
388538
330947
525609
406884
26026
299016
820573
477039
288196
813124
621547
943266
154956
829330
901575
481043
312442
367640
857828
844129
477312
235917
680023
900748
634104
387099
291145
771041
869740
404768
680921
723214
433921
2958
100300
70420
960448
925169
263537
152793
76610
115472
601622
559453
840632
66669
841696
916677
325844
465064
139467
575699
750744
768768
59775
311927
108665
970296
618827
323902
671279
14232
477248
136041
230300
508362
390124
191449
573846
327717
923122
794085
629011
8520
916035
853454
562032
306140
991035
364298
899742
769979
139674
400060
853546
730799
548637
903621
540135
569874
268088
653748
303353
451925
605235
588761
669121
251421
15326
127863
439456
428104
751794
528919
941802
331918
592326
328633
234601
700098
986027
840230
315211
116534
325348
982689
227049
433086
785221
866684
679476
874574
940775
247814
339710
314813
205701
730978
959842
220586
328438
513075
247762
950781
24455
198643
492283
964231
735348
957091
718423
494339
420099
100444
798734
597758
767550
799365
96074
55762
996747
183262
654102
540238
504937
476280
313713
742898
347273
967943
981493
318421
326343
539024
235103
346729
244995
846268
381690
832407
123360
650511
908589
312964
445657
822962
675741
332469
446139
31084
51072
146639
808067
866863
259712
79479
548884
729231
661895
467672
5012
579725
160749
935555
165029
382098
194748
433456
518715
692791
567580
84386
158943
727617
258272
889513
306623
615594
405227
216321
86511
923738
50944
550616
191232
855669
179686
687277
102459
68301
232756
661396
873211
249208
774974
928726
338980
481085
66972
951157
739972
121320
665748
683020
890756
669117
836067
953493
641482
499657
492013
627717
244463
485204
392126
766418
264728
810354
292092
522324
489395
651193
841004
165513
368656
224396
101917
293811
234329
408982
980788
384412
212976
600147
5013
614074
971875
483720
266987
785197
782286
219027
600213
503396
119374
516381
385774
315872
782301
695979
871542
277137
797839
441940
550562
3548
271848
438605
674236
857406
863000
760352
907384
438410
734996
97275
186133
417422
172625
845285
240428
89428
595231
476107
544345
983364
902945
110457
262851
344295
987813
882852
460425
687558
416548
144995
355850
403952
689495
650494
831633
81627
101427
469023
281564
591394
400131
368486
893575
12205
895393
324696
450842
119279
29777
705719
612460
458184
19770
937068
721905
298826
159682
737121
85927
978200
221957
719403
173594
976618
138609
221861
345103
371118
12161
108632
267603
105417
996307
867670
695072
230715
15016
876518
974568
857185
594872
932505
185153
989395
772656
380219
992174
485037
554057
573733
81030
83756
896326
338800
847364
981102
304714
817156
855146
107739
88275
852430
927698
113315
188247
981647
643090
162589
917369
2129
759243
707663
576424
944246
653902
812171
461525
690025
866412
988918
357710
804789
833049
355300
347708
513268
168316
683103
699637
577247
349398
507591
842303
187013
518476
327507
130146
338199
347730
724085
412585
520480
836790
632860
730933
515985
733383
760147
907069
857402
20128
124295
268581
613781
652500
624229
711930
722429
653943
351714
280840
91004
35975
401940
89048
801665
820918
661501
413386
987632
786133
488617
199307
629780
812510
799789
556850
753840
491358
994511
866236
953523
816893
663876
536994
857929
20460
620372
489109
79566
761257
861274
453974
30429
707186
709671
56563
460551
434820
538631
58401
108512
165070
356827
719923
642227
626807
154021
787381
751253
772553
433251
466919
741271
79928
144786
471001
783829
472595
878547
843936
219563
890694
835883
716850
616327
466249
833637
903587
305242
721129
48082
710781
201385
520049
840753
632245
297088
815029
537769
748432
168709
372794
419250
985426
333226
120837
441364
114974
781884
312639
868488
975087
923545
791745
562043
523121
943742
977090
362992
352573
623742
676122
435332
881520
675855
334898
834701
672167
393983
817931
799836
36120
224004
672551
408674
577744
539888
832727
896111
745157
143363
27938
678613
550295
712603
693903
764075
852776
425350
626192
568622
343636
827832
420747
309057
555023
958360
832454
902101
100058
4532
692141
286435
59426
605973
340867
676182
418997
166318
105891
717895
87521
536110
83506
537632
406763
145525
519204
729441
485993
160034
142119
269953
771389
635275
203567
698796
612334
25990
416543
983659
472740
487844
354897
454690
869696
700670
145858
876914
411158
711591
758813
520063
934344
31937
254626
112012
153728
405739
172915
911297
532873
517528
61691
945807
759050
493051
339003
894506
752929
42782
236019
850421
646360
51666
228777
317948
371655
388161
351961
625306
488262
951263
144569
962299
803212
656447
501479
419260
622121
853890
883121
135663
568412
968362
333697
347450
466386
852620
920803
6046
264444
193124
867380
781910
555787
117379
453418
562838
337611
537315
92922
447026
816921
275483
534186
212256
158274
137709
767859
386262
249082
124349
265618
933005
605110
293405
703851
192168
983974
39043
823642
533485
676498
264796
152152
989169
610448
747001
497223
916371
737760
136615
429659
329502
430820
491870
11876
929170
608510
628303
354619
474365
146056
834528
405001
56194
670827
973300
557423
908091
728604
972131
381845
912059
844217
494537
87443
910060
481148
455802
786997
217495
4505
573907
351150
482051
211450
63916
179933
936436
119189
175273
315316
80340
847014
870832
530251
992048
158862
892085
321088
8601
474056
128624
552456
166059
399492
581488
485719
151338
986978
472457
770280
804103
482060
68521
492905
374467
15408
585225
891846
194155
331161
130751
746705
422337
962281
91183
288267
626555
365045
351522
158930
550692
399357
741935
173670
635489
180998
865045
622361
237583
922262
352107
479251
506375
293707
317742
765759
854403
369945
656570
696982
264410
762526
245076
232262
234407
290468
349476
710014
1800
666226
817856
194969
59394
608911
693859
674916
131778
835732
383164
619726
105022
303725
200483
141803
504634
623276
132134
702245
575911
544009
260418
58751
592870
183546
249645
180551
396970
156139
289424
127448
742907
598363
495634
709705
699670
317267
225616
365942
748017
693635
415208
917097
951261
753914
636469
548900
277189
603585
514133
745997
572179
605781
858405
473654
381234
390272
736718
734856
892206
172883
911289
299405
478583
896130
568542
666967
848964
571164
922618
824719
712723
68453
487007
829981
182735
755793
333029
181681
478091
298976
529278
676973
524971
273937
920871
76399
596131
536964
881787
94014
277142
944687
587874
619088
513440
464828
430822
829237
851823
439998
805990
184484
669196
446159
409507
358816
816184
429127
427383
611207
290417
811163
169766
77815
792724
337167
342861
596829
281436
63449
946551
51676
899912
480148
722575
366998
977563
379229
487599
654233
371389
325326
344983
68649
678271
165013
583417
505254
945148
825200
895088
429018
291227
381063
625105
452385
553584
481893
226778
770229
908930
534101
722568
685141
84647
126741
340356
627218
129740
232953
814973
296310
210385
385951
125201
104721
97617
205195
115428
772449
176831
161567
826068
130205
759339
679352
865219
705566
223460
975655
2451
132139
417912
6346
755504
491551
706711
217927
935238
798201
817814
580196
134292
421824
310735
853126
692440
726353
602661
829829
487850
303751
101285
156904
664549
109061
11144
609346
245119
987810
538069
791400
979258
168434
554787
56077
961011
608237
605756
789373
119896
636095
445534
244338
31735
63915
255387
526742
379377
881436
247584
655702
72525
139978
796370
658719
900009
894661
179220
200504
938379
802850
844581
267324
686613
562495
156327
169074
439447
865972
454522
393547
662591
474327
161927
104439
943019
323948
948761
292452
562591
446568
537125
993620
328978
631456
332330
952921
140259
531731
18995
79664
294057
447440
606330
495032
260967
666821
347367
723917
911135
606246
981813
565190
711741
8438
557174
297671
448820
661429
184941
172611
484198
900391
87513
781969
683325
419580
214033
980714
635543
881313
641866
614653
604190
779682
84406
890415
908597
424570
198535
955378
154254
200633
4049
868801
407832
708112
31950
546805
302614
932476
41659
947207
569227
866829
200095
691811
124113
573138
502699
557477
348298
484963
759997
21170
278381
835723
715967
460150
611138
777167
200300
542005
579625
432287
556275
80656
362835
729049
738676
707415
318292
16756
612967
857669
660433
884495
769372
374236
126100
974038
809884
564382
212286
152526
955695
592997
912604
676927
767543
120095
808786
456443
811514
43370
455283
481422
700925
18248
265331
131908
163531
505535
441140
389201
18645
749840
879676
464225
842099
846545
127432
596157
323785
141993
617274
375062
298948
542632
765101
634482
70596
421889
391657
582960
758868
575973
39026
289273
821588
889788
549371
437573
247672
495042
194936
18567
817705
914301
824977
987255
125257
20694
818418
131706
904020
372955
115775
879599
669410
965264
93797
366232
64776
167918
87052
394147
927198
273401
73320
140500
758044
389249
90927
489490
214622
754549
279717
341579
149575
882206
492242
858820
661441
435968
179926
674240
176034
515720
159123
943628
779370
249649
580680
147429
956137
499898
187582
615111
517054
985148
606426
493268
459001
278762
787
332189
420514
738602
160126
80271
279379
369418
918213
855229
871360
486752
588087
971205
595863
80195
251833
949538
966594
677728
290649
653582
699402
457593
740611
24658
211349
308736
626828
511403
279888
683852
961388
684314
394152
868406
124553
69513
419953
594387
548078
471637
443626
50765
348506
380284
579928
68896
37173
567972
204494
118318
528030
846406
480718
265856
464095
663989
740106
860506
605634
556815
961859
908730
111037
42303
834515
374957
465672
25836
990661
358797
520527
848833
846370
448858
264067
460698
88839
60020
284683
344648
398513
262386
580377
835521
606235
386147
738199
175207
872510
265247
237823
573299
255863
29832
570186
345854
445255
234530
648128
162924
989428
567372
899502
118965
784268
837979
985078
137489
825289
357906
972416
785279
252688
436031
359951
523123
505620
67444
192494
880602
774360
31649
771336
692235
580753
845899
351575
757707
144873
938347
499509
395581
899680
281509
470542
428388
440909
550179
170999
566166
787843
697998
493143
425728
69582
20457
514243
511824
428829
308810
16104
442691
407289
81205
404193
631563
973619
737110
526889
136028
15773
387291
937514
874003
324974
408300
581940
895811
921289
701256
656521
570334
53271
724861
667861
334845
185808
933315
270651
893580
290521
255926
765322
781397
711624
646575
720398
185831
557827
429822
326339
359459
890630
555397
687717
41122
962307
890676
288867
665798
94115
392604
527345
746972
849387
737266
850556
602539
628346
298787
913721
334492
403950
492942
894167
506565
798311
888803
873747
836564
237859
441430
396649
90068
866952
794751
668328
536607
368513
885777
771231
446625
666944
568244
847475
628356
791009
206338
291218
391357
988207
950107
512898
942578
133567
317350
331475
673031
506234
753188
646899
577604
395513
659762
475616
774500
687881
425499
202040
172989
196173
706071
440044
208903
46659
465061
99987
158794
53599
880896
622811
809768
645715
349761
119322
594948
600624
877456
297282
116430
935910
707528
323763
122413
943719
504487
290475
115719
985770
450926
927576
725744
993676
36123
382926
205036
79952
849025
795668
31779
677319
378433
541081
414368
565963
793063
729476
302661
176677
841955
34921
915343
348559
620898
986199
260930
316307
739400
905550
299313
