223657
517991
552017
449537
637040
626404
652477
259682
135928
414393
40697
787128
41865
549768
518098
406188
96604
940748
55654
651738
620573
404338
19059
163254
339282
311504
458890
973145
950549
203142
864418
346092
375613
856368
505224
617071
35931
1733
345524
872999
350752
689103
42424
753378
438236
866951
284241
883752
675361
647436
819872
410304
231238
472512
271986
802972
942216
502463
707195
517026
197386
462909
968546
372631
215613
116091
465654
745770
219482
220838
914686
478043
241036
452940
624173
102406
93228
186235
158068
982480
776676
128824
136434
792237
587252
646681
483463
638219
347091
880000
419078
101150
801773
141812
127240
206473
587723
619933
792606
989606
274065
314268
990494
274738
472608
769989
186654
232024
796956
809082
795775
482264
839943
176357
159649
826964
906508
52881
697076
469111
510232
935718
929326
911170
897763
857023
82841
106228
936461
337129
248132
977238
758691
401211
750745
202336
184256
376141
443087
238475
464080
192022
989686
719988
167536
826726
967919
610602
954353
259132
950398
943508
850492
62981
904120
203266
841103
887346
587606
904782
632102
211828
296620
958318
822068
638295
447987
279706
390608
650680
437186
103572
497325
488036
900572
839193
613954
458959
692962
789090
375176
731694
837353
523735
975522
771313
824614
756689
550614
310689
921350
748554
779257
591633
80859
964260
537002
131652
958576
212242
983604
930651
764285
204391
352855
359289
877814
777977
178208
731701
196414
606577
694005
896571
479417
329203
942957
245312
609982
199652
733020
185695
253355
635228
610284
949013
652884
339754
37350
619477
709587
392766
656144
393481
227971
985463
696497
672231
798536
17482
855728
364139
839429
162763
762651
5942
745585
923803
634819
244611
128644
8879
955076
355842
139467
942712
296546
317267
299547
452276
839630
954336
463778
70929
228105
216983
445144
175545
859936
267843
27285
486847
138773
306182
766973
170084
72094
642549
717654
659077
666822
701200
881658
898853
370226
461212
765352
142099
344510
568415
639220
157880
869062
519480
547807
14719
443585
758552
174017
781345
789639
745057
25507
974028
514739
850393
317801
854447
411299
996298
469676
864037
861852
755898
861734
433787
874315
605443
906694
149023
475110
242126
329572
412264
801073
412208
487567
856828
784989
175265
655937
723938
910219
221204
999796
398757
292846
453304
367373
937569
810509
327883
92727
943597
872808
459478
395083
898469
497586
34121
53803
826322
55229
831027
95534
670840
74548
430429
21365
351357
594817
383300
745564
88625
317007
203762
101837
336638
494121
498488
959982
279213
929089
41098
33850
3538
853262
880247
413613
71702
94924
697283
867609
26975
979751
617059
655766
48542
606066
473428
69271
897140
377809
7320
473111
566530
46584
439118
314289
758220
259082
997933
226639
986568
825955
687452
745723
933129
597617
490737
259025
709571
821437
692549
251029
886458
622088
382449
747297
588748
372112
713127
498551
356951
214578
283630
362229
58696
676521
192763
404710
84609
645748
38953
75828
281638
461974
448662
454268
818053
441655
280985
531706
251423
938984
559651
104547
655383
235268
769841
917842
357366
45105
663211
976090
274137
519110
789789
310778
955576
225095
251791
336494
909011
298187
653058
817186
835771
683071
486026
465921
909114
116227
314435
857068
980960
858994
651825
24199
716139
486911
451640
318189
227794
497402
986036
486083
385134
940466
775158
161834
62661
772661
227996
525838
67509
472691
77516
459932
313146
705
865805
494736
986652
165113
428673
213036
311928
581630
613315
389444
688872
863005
13913
40246
360210
489935
713750
120
333194
863067
670735
772170
652453
703128
66935
941258
957531
32592
791706
427878
414104
205889
867826
914667
666271
61309
895145
724029
430811
273137
515500
942496
237828
172866
551401
128114
18922
65299
788965
328891
906913
829155
330747
352733
777034
536276
955700
467366
976633
218950
527936
465540
127432
944098
288335
809688
616631
723955
772751
950691
293054
304942
229954
888349
868914
53714
9787
781988
920527
223594
954228
60881
381864
363632
871759
822951
157928
125452
305832
758373
921540
455289
573395
58939
933439
509256
191479
720153
849369
799103
56902
678818
198293
947289
845656
904511
591142
478321
886243
882256
501877
302713
862937
780798
387026
851876
210846
338924
689396
766244
233061
741388
991150
379149
432102
883982
248689
631321
622333
154290
757560
373829
751394
269439
980756
8280
257729
155084
405780
262275
415606
477499
267920
608676
218919
276870
907026
819941
946557
933553
813346
768641
595839
158495
651693
424039
974221
318593
435985
450231
735863
992169
291720
774313
604920
377276
582446
578381
414802
730886
724784
123372
827399
625384
477587
750414
72049
544236
260126
555157
546495
748793
311462
391111
530700
758626
105844
595497
716445
629592
827092
614278
501879
105728
917053
91599
704987
295776
823256
269404
737888
610290
682351
256976
990379
328283
974963
224603
44428
842613
695657
907098
139320
961608
419891
238169
964639
560920
238455
379320
753258
543448
474222
401323
727827
707772
642827
562395
932704
252268
135621
558954
583421
13396
793987
849044
611573
240024
776740
737648
843405
997
98024
298134
162429
302051
8318
85275
271499
186119
68138
811192
270214
491780
397906
513481
624861
564193
382054
742961
111450
617126
783530
145690
74046
309616
476002
170522
953657
951012
354009
261361
188806
292992
662989
397999
417825
68813
16186
552755
807270
292145
191809
96717
191751
404257
498229
443717
789866
935155
383299
21685
16413
291985
693243
795601
711927
802249
526975
707527
459660
560834
703047
276737
961612
42826
229582
589704
49080
580298
953308
788802
556674
659483
800497
7324
927361
529073
27851
999554
730766
797749
443732
506507
241534
946545
866476
878963
588732
582821
887886
225728
928705
894646
594081
365893
734131
736582
166045
968644
475543
828831
173976
517870
789493
217224
73645
728455
735943
317178
179335
882341
226013
444780
227023
152919
698384
270923
176368
300195
829088
229702
364227
903207
631789
327173
994588
344928
168783
543993
264240
231177
345746
701198
182753
549083
697361
849726
210088
98099
253933
464895
266974
874578
743723
103388
911527
783166
168680
305506
811324
536645
983545
609201
724883
12001
11299
963058
383148
359415
249331
247335
769850
129082
121020
402333
197421
133677
105707
143935
419288
199493
59848
791365
55620
697260
727691
740489
361552
895074
390617
204602
814211
266494
818522
4585
599472
471891
222455
359425
557957
4461
733557
450068
937392
748091
521705
347216
841709
815174
682519
884624
353008
344159
886251
986958
69548
893528
8467
175479
661631
329384
682487
495831
458746
425714
23062
831220
334224
600031
872958
957622
401306
825639
634600
905155
204676
803247
472749
419433
29784
677645
124137
875829
144421
23591
449899
614752
662795
349625
401429
412457
657510
275765
681879
871422
852053
952260
796226
745044
228070
700139
990092
286102
171423
942601
341983
508665
859371
856444
781085
83502
431456
21284
485045
190065
920361
604095
994715
368511
4117
972979
109799
410532
409211
973803
40396
958898
505223
959320
285875
239054
629158
880217
735091
225316
135818
504502
189551
445754
841370
67141
90381
863842
743610
370671
870223
292809
241138
22989
158607
361709
888829
909484
249243
361068
618096
465263
299371
558263
901125
497684
555259
214885
378884
611727
926729
592804
960909
817170
342957
34634
586308
701742
305936
710218
895193
590227
271498
235010
726067
875123
847452
411440
399864
368837
530246
631941
449659
975910
622983
473042
710083
877977
204783
526047
181748
549999
148642
208539
116125
203970
3243
43053
455837
856027
944122
246184
221938
201523
413628
629662
410335
820887
916565
935115
363002
636260
389117
473458
363023
217778
875892
226054
388340
516622
234147
430846
388139
194207
796689
960331
328621
87465
929982
480742
176345
903536
435616
354946
992889
840500
999095
16545
934765
384539
630415
391107
331190
561453
498770
620217
238049
484537
911111
852695
457101
341652
428843
147783
539419
710465
161002
702330
954354
902892
862266
700858
962540
58897
804117
197276
873953
883834
158865
429265
950542
786597
126045
299483
101409
364740
826266
40156
770787
601885
718739
611657
229762
722258
470683
673470
940410
78139
480770
637228
268960
585263
161139
944685
518667
216162
815213
17784
743263
731560
785500
546672
258743
421272
138387
290327
473198
724235
37417
63199
323147
671044
915757
354913
637958
409130
154438
768423
510523
497392
451948
662371
871210
437333
447997
777091
888105
451143
984381
932316
58023
356963
974125
915779
230237
917015
663878
215803
23379
860073
480850
206152
753483
183632
384104
618914
505806
194752
295810
270789
15122
54531
773116
552421
424517
87555
366316
932543
566137
766052
669592
470987
507756
414606
345752
242702
960370
521992
402313
387915
409857
866944
551851
344473
701401
413287
962392
87632
955662
355577
261858
479837
288115
583194
693319
720373
511013
861596
921107
149991
912049
981789
892243
585993
571875
33869
125617
787796
769452
876430
686065
781900
469615
945588
570247
645719
722664
629612
606034
613296
360185
330488
611001
900083
154899
430488
467233
815128
758269
178437
392648
673021
987908
905238
726337
996827
625280
850502
38476
992347
790846
175309
638481
848961
198607
497066
70777
235398
525484
203330
764521
223428
131588
893730
420892
538827
960996
386273
910428
250257
176706
327329
344285
484165
49511
62452
579510
902148
817462
625562
795389
849701
2972
685225
335997
876399
976790
50566
509399
238954
958810
501071
612658
620179
900579
851547
274912
146089
735644
870233
861967
216484
285992
981909
753576
622725
594828
804953
329735
545416
401530
586032
593688
351351
283515
233349
134026
989784
387639
86699
127347
974407
167396
540534
498944
149598
368969
298694
387479
877136
412014
412899
165323
625365
870370
284484
106683
654975
901096
498282
33736
277996
516608
450921
724784
997588
587405
534215
676428
22658
955752
661629
485858
37472
433472
631515
378728
361323
970219
431367
322582
995525
911310
976229
654758
438569
6629
863699
714219
424121
250224
952843
974731
279795
838395
48236
966235
932162
885384
357778
421589
159089
355034
926689
224056
635450
734240
646497
719229
907389
367165
338243
432881
998732
21872
306498
110964
993763
819109
4133
539404
723701
675543
551457
536614
842785
166752
199195
375979
141507
873502
698826
237627
476455
240644
546939
585609
650073
436922
277102
167315
162264
175922
27806
892028
202536
207561
872030
189447
716103
474645
454943
633202
348855
651601
586510
260845
926522
914146
676954
674613
212572
992261
205907
357586
228394
133272
884398
37737
530880
807746
534565
525631
567552
43327
655803
898507
846111
341963
251485
416309
342681
806442
135716
598129
652805
115986
712055
115315
145731
982070
432590
513486
900497
569521
644305
142125
929853
57995
47519
724396
982965
76714
137962
7828
279674
917847
217919
54449
525043
208364
557923
574994
434462
341400
448665
240797
383073
819727
350785
717004
578943
120080
379226
494344
313382
920212
553128
685856
247716
973840
966961
11814
321722
250919
81057
802150
509513
223088
926221
817860
857641
572703
378836
127729
499289
341906
422626
704074
22928
362554
405262
642701
976498
91044
25187
460344
332062
889955
67260
878336
308004
284956
10569
900906
818196
679854
766766
495882
99633
224764
854602
129814
282949
342424
202900
675110
951438
767437
463394
304331
412566
720265
54852
915529
822304
417125
469069
54962
967102
100755
802609
276000
161472
364515
337226
917582
580615
722098
222133
193684
473335
718511
529625
762237
124747
978187
428104
803206
486018
316029
484925
233846
489975
5999
504069
161300
344014
768456
989115
3210
885386
960726
906220
814292
182140
225624
757209
451685
910166
131302
364570
529494
625054
9278
77791
677131
885374
409708
791186
517861
969784
222037
614168
648157
631670
560096
587703
555139
762495
96064
863697
758868
37446
343202
816847
912497
205981
852144
200601
639234
774727
158016
348609
986790
580714
695197
449023
171797
223779
622704
378455
615573
714100
395402
825815
585877
243928
790224
909116
143594
38775
858435
687989
874019
290869
709738
59583
33227
471717
545695
888431
46138
240476
887156
480270
883480
448480
677632
680222
551856
679742
978889
123323
543468
133498
88271
85277
593587
437537
503603
351674
349468
409339
410562
216072
636493
811613
771683
750944
372980
432602
899864
464702
993313
505114
127796
277349
410431
226882
8410
653279
524846
565971
494509
852514
777598
48015
935833
388879
379401
789525
891389
188756
41453
386190
166516
855856
913252
836928
79295
138006
719938
886656
339664
929259
650571
372612
636725
482858
654767
497686
544992
474919
219748
155429
335567
753585
173981
593142
720732
475792
138924
548152
390691
468781
884593
963508
728267
918353
974270
745251
796595
11526
377417
298009
386299
433434
288268
780512
992428
806145
258557
228960
828357
801946
345317
3833
500515
489226
321632
388019
184652
273669
844464
532429
845912
449771
320957
968946
820732
3406
809773
1353
174836
956882
738204
534827
323660
425582
297720
448624
606604
35407
578620
332066
801534
886427
7047
567379
523421
732882
384664
893003
341468
565073
722985
187481
96784
472433
249381
457994
905658
8972
977030
463864
407925
446303
440911
445498
688248
208459
853027
965817
33289
492342
899969
41442
267199
370062
662941
439287
880946
187630
880987
894656
288513
485721
697322
367136
153151
301026
851771
252994
307386
858606
489565
953586
153770
481490
693559
106120
95411
264726
825313
834687
866455
309147
248479
15587
153211
511064
705210
430633
34260
255296
48189
761881
355886
14592
630601
43430
476313
288292
602134
237790
664624
885209
170502
765948
306759
495757
146471
553435
503472
92403
403782
797701
902506
465890
675434
162730
164391
545757
762548
720940
462201
607086
146001
796759
401048
41131
337689
554030
330770
269786
36615
986336
508560
416625
630101
960602
632384
675766
866996
639990
683364
128581
903781
859601
956663
264688
206711
220409
980599
482688
530205
853061
140052
724570
698795
323840
441459
809853
497965
31293
628063
86056
59108
408590
323597
435736
674718
947983
456778
640879
125169
407453
158851
346608
765332
656677
427888
982503
198425
576087
520927
129574
869707
863224
747929
669225
870880
939543
883442
876635
433243
983703
906418
252466
556929
566827
610523
573237
274549
81953
381911
123870
954162
549461
450368
974234
418533
104070
935947
58860
389925
390725
270546
840178
469072
739017
324796
593408
134659
532704
121803
154985
41717
575296
900609
67548
68400
574652
752432
44074
511854
934930
957597
362085
168844
908960
142288
238052
528749
775479
837819
880420
428654
897992
575556
755657
707265
365371
430065
447170
653352
301727
637551
212362
891408
410300
600447
607370
760520
215491
366718
14683
153372
448295
444559
104426
740882
581445
417319
261621
370304
77246
750836
551409
961544
490085
549547
85966
562802
478356
907437
655442
440228
673689
146261
820002
724352
179278
481248
642080
974874
996614
976186
946605
72405
961507
436193
230671
468441
987269
701752
87982
998194
252957
889770
457145
263688
44575
915449
434790
857399
106966
836194
794838
683339
769105
630063
720086
702041
326843
157529
216450
534588
86153
231639
625604
942251
600140
120455
535674
133236
131622
974072
757750
999255
117017
25106
68126
982593
37883
40866
746292
412964
859206
117446
724464
879471
605131
322162
162762
708783
384647
757724
341908
168578
103886
388170
494211
132147
928164
563958
191310
854071
800875
635354
60654
590403
36982
222558
217094
354312
252603
326940
99165
609036
343335
117004
428934
199014
942540
836625
111457
134678
5814
754847
483386
115071
245979
332935
538958
939969
508208
792800
758830
58551
430232
428564
342653
329034
324727
687428
551252
535152
16741
790681
318724
788165
400703
41320
119163
594628
903831
570817
734399
880034
631947
969109
255768
940551
877939
481089
317515
609194
275124
706299
395328
455047
907762
83159
953797
72384
712866
324791
424747
954318
873277
615309
370894
610786
957392
370062
496307
559068
169712
187702
113481
323046
730763
26481
169874
87023
428826
445229
318491
35456
268467
140282
708711
270012
115131
394138
268010
130808
305401
18987
580785
200372
716229
214190
508831
839798
171103
956339
51473
273986
463068
50659
141219
25272
927930
923818
300620
856714
655573
932735
264932
355479
661939
279633
741383
550953
757562
608143
827281
670024
162689
628948
110472
994041
102339
844526
815898
394774
680496
216265
783291
407883
94941
156413
765872
269546
931548
795185
488362
968492
823015
187690
815882
643845
733494
769460
537027
505827
643056
178603
606814
725506
778878
539302
848470
760238
833018
832769
403171
933975
796934
502534
467604
657866
830714
504120
293845
15570
481653
941371
815249
839146
221332
595299
277040
106589
550657
593751
417857
71612
54627
278881
371892
80316
677299
639894
430910
639273
195566
251677
552351
771403
602470
83677
508544
522324
367348
962567
138357
622530
190472
322237
778275
985431
599201
641565
545979
866291
80152
685359
426724
486603
669910
397031
188407
140616
29157
246614
888228
97278
605476
627316
996850
190855
539285
758274
145507
882812
516368
573535
559989
858575
178778
214121
606533
765448
385297
224782
197263
47770
143550
401582
250768
640929
541069
459630
410636
805435
324760
901596
351211
655680
842591
261242
180991
676767
68884
558505
855969
235094
30611
935028
402553
906253
733807
813749
889627
913744
407272
453096
802126
233256
150072
116618
989801
849044
171148
586285
469847
203305
388176
794587
775609
89091
172003
549924
591978
25703
561130
186759
663262
245751
685760
406201
788131
523984
828683
556244
801226
873604
333674
277535
322655
54639
224458
581494
406227
335032
585304
53078
42043
972198
287825
351111
812657
193180
91509
272166
135384
825587
481946
959822
476670
957938
5660
941219
807450
654444
598002
830586
52020
79671
646044
127464
773220
671556
693752
727910
405234
401504
47540
625054
598301
439046
361566
539925
665463
668126
931096
553652
583405
430038
196391
969780
434597
355420
660650
261157
685760
803445
27751
990940
117695
619517
883009
414199
472769
419259
321990
428878
94634
49696
739621
712120
268832
342556
588668
929015
124015
924894
78992
766785
452172
202342
37718
334252
312759
993992
575086
73077
460409
316671
863023
150956
516429
910955
767389
873536
498971
858664
550967
285027
9567
348557
569133
992089
56937
390206
821551
362787
135101
137902
641505
976834
115354
254517
573547
146986
870040
605642
289644
307013
101226
394205
115598
823008
975875
241940
219764
489014
314966
930783
841744
498519
982261
385850
554194
726325
497499
391231
586427
806027
903685
89701
631312
454186
281402
5081
138025
386978
292076
188343
320233
720265
593527
584677
658504
889451
133318
777164
255051
155982
81621
29684
153045
576416
660304
255675
657431
542527
534555
772850
456292
5285
110955
843797
556831
700207
641681
264612
44757
240520
539799
68578
869799
519606
111107
468137
165728
902465
59897
910888
765541
377339
109692
794299
454986
252465
604565
340581
360129
491884
876108
639789
927405
218916
245587
791250
736277
571906
947651
492843
451252
701905
410173
998560
183917
547008
53746
204095
8091
585110
350719
217276
154246
798195
513840
589832
379699
754686
101030
982924
620243
24304
698835
118914
220955
182780
404513
296496
300211
822106
258930
681666
584008
168815
272963
709828
612092
738011
141994
529913
912509
406238
620798
99802
756595
674087
908437
969646
456339
127867
68648
450818
956113
688959
568403
410694
849842
857186
305017
396804
467839
287465
169477
24126
582421
865432
715915
468834
247450
823482
376460
944492
224586
127694
468760
587224
341359
792590
83214
114179
868527
98076
615679
940510
659327
949132
422257
576717
947126
147848
282687
584610
642620
73764
73822
980400
23457
580351
415034
572559
370250
238610
217918
276908
869189
490776
330035
894026
818174
230362
942720
381145
959691
893974
724752
226161
2466
460747
284369
452267
392298
87972
369880
578076
134446
290942
927777
227887
810414
977496
651636
976926
51536
693526
984740
120205
430708
5810
379570
512963
828069
112640
974670
251013
97322
93788
70077
829713
412477
46962
813526
844020
633811
510697
941798
723593
733850
269037
278131
622734
611649
541975
767070
734436
397104
631035
373025
101091
447641
717455
807672
653847
769510
175475
596573
965532
448658
978145
577835
485329
449620
816307
361572
885500
440245
502795
573902
870138
978179
872930
943416
365601
630686
98929
231514
531892
533359
182453
455706
433026
696057
589475
112683
247131
707463
846760
449488
979760
951749
875867
406143
542150
621227
780674
636256
226711
282324
61310
238004
875589
655341
912468
225299
211579
540744
581784
617742
684514
233488
625016
157171
788861
916311
447010
217710
613858
554444
679059
86412
139862
263368
81021
766299
596227
353863
649556
37550
668952
127220
400630
258749
584894
613980
873397
189288
564210
136197
857154
639900
197443
220120
755639
625102
136746
365113
54656
767717
929345
232695
686759
575092
223458
33119
148476
327141
191581
480171
91421
49521
313685
380056
946152
837707
407479
778517
456250
861596
901080
762903
668322
260777
636459
271817
733543
757714
764763
778145
588530
87156
222411
141070
165850
109933
107624
892749
826122
199039
619623
884123
334865
240270
221984
688645
109190
494467
497351
888859
403350
724243
116227
334659
733484
700570
680556
326185
68155
497377
203430
837908
924011
383358
168340
86676
319901
342107
881211
600
365597
599119
853109
562844
138787
899176
842767
575295
101318
304266
852543
608498
133758
446448
292229
742989
511636
514129
65500
419516
748840
345055
467741
921302
219358
610473
999153
874062
917735
882273
35761
203138
18727
710583
160220
912241
971528
184099
147828
637514
660763
52610
82677
161055
568230
430616
872755
787640
992398
216884
13007
721156
232482
575729
197077
803370
798657
579160
76789
588094
724586
521507
698845
202576
298014
27037
173295
396510
271604
618469
986596
837417
720121
990225
226685
982373
409281
209070
650337
565833
251599
332070
247128
371719
121948
289083
983842
771606
10504
243183
198069
952618
514010
461318
200722
956037
520949
54435
801219
892391
819290
353039
147699
778273
986132
282969
977001
352008
513156
73623
252707
735044
547145
633802
332747
801544
924427
63072
698072
663708
575333
166354
78916
801046
787885
490798
526821
80807
85665
432623
498347
129873
124399
810248
607541
971638
526176
833152
248272
556620
200547
974134
993421
398061
49842
98886
666685
983819
827683
410052
517131
217793
686477
748133
374135
139076
626197
9342
358251
843960
932308
316388
344379
62367
637478
322162
969342
706092
234130
377576
407235
54
306385
329776
541170
377928
245309
701629
889025
167957
327256
482956
918671
476873
469045
564172
138080
966522
793990
996506
998134
223485
997380
405029
160648
882389
715573
889393
736354
390215
335645
506039
428888
812617
455811
945769
600552
886232
487198
499154
234475
416809
969693
420508
345976
440375
192528
530924
722774
527739
781878
925543
565851
717306
75811
551576
306533
97528
25870
548074
579316
529866
191029
374799
393699
54217
242733
522691
444225
810211
25289
879851
16528
754955
946726
556951
901978
253584
939346
636135
953386
353867
848983
591369
946286
478515
257767
536864
414183
153803
351077
857792
52554
499834
686606
438614
518647
769531
634562
558693
842067
811435
930163
102315
920836
120831
772777
787170
101192
676824
863599
944354
2802
348143
868637
849507
457923
845675
420355
488673
483233
635666
989295
964888
304310
662363
472732
230575
954472
186081
83319
458737
292656
76020
845582
677302
431386
315466
362456
116448
362904
92563
36571
848193
863682
466794
627454
204058
890414
166631
65131
433022
913832
915281
948064
303062
686670
214641
175827
774973
822411
248002
608192
102155
397038
778308
186512
458415
229414
336815
93287
78198
366044
275909
849738
398376
101357
606528
607020
502865
228290
501035
857684
490525
736142
607373
438572
418397
359716
801407
587880
597030
598899
841759
486352
970072
822239
294173
648492
412284
947132
227059
333836
238215
145321
186673
520881
428604
720583
571254
22747
834541
227797
100027
62064
172193
908970
309833
745798
333585
860685
987339
248205
653069
386932
841214
849820
796540
407064
127812
613590
359104
123121
789144
55161
534200
245267
139292
59587
857311
665957
630927
443456
499985
647162
346394
932021
902062
265805
568137
45987
101975
634654
880087
937272
86486
241059
262882
988695
844954
21165
522749
31234
712799
996185
750884
711458
832620
353902
765386
466676
202486
148762
741391
151759
316578
879044
406477
742357
90216
562701
870802
338422
384467
497513
194856
791708
838757
640659
371343
44087
642775
402866
819020
515749
289661
788294
896410
818492
640968
223246
99455
811256
240677
960314
421754
634236
415108
301832
309848
777094
367219
657214
221478
553460
732584
60483
887873
102445
406365
918745
829449
825646
759766
782970
43636
467825
567550
603983
612479
833915
168175
454983
842751
123459
977169
644442
129237
230650
369370
320539
355199
663419
467059
756467
643980
611345
861691
635967
329512
250399
263460
806344
733269
600560
240763
134491
181818
994460
915462
655301
820373
88211
475014
507565
652173
33993
178588
689166
455075
912958
818504
388175
780486
571241
820556
861696
9221
820800
179439
104947
13599
554215
750557
997813
822646
39858
402092
495784
616098
238361
567993
168638
969826
213751
70769
764692
868974
811135
216684
544808
687080
837820
971059
971449
439152
13250
601058
249210
82519
64886
238953
200306
708267
961207
14508
249971
994736
489000
413322
919604
958768
603932
759483
35342
804074
460956
469075
629007
494502
693591
121699
694015
807720
898087
85439
693165
642499
896124
611417
82420
958212
392039
447244
817103
790159
297541
708853
116630
993160
559302
628220
338965
405032
360025
701168
693255
768687
610678
222736
258932
769272
522695
652583
966436
760744
113204
766671
902591
459072
564681
172309
674754
812755
459782
894589
222432
405713
427012
516508
635187
981889
461887
766436
117405
381389
492100
881533
882880
544375
740984
564877
428821
999082
186818
871130
970733
702379
953174
788615
160898
794670
253791
270075
399993
914309
801865
563039
259511
913907
772840
981893
132253
131231
629768
909798
712289
976356
774546
915332
340106
452485
73815
267438
319688
853630
979580
634850
385709
521077
664962
216140
514316
831248
598641
640493
540909
950816
948065
499287
418666
607034
944293
747156
79465
735719
664212
120423
636981
437489
765365
428394
625211
788254
126982
269526
80415
75705
90409
979297
623481
341835
852588
634498
35184
860905
199924
308304
497904
712679
883781
752200
98763
647530
177263
967021
904810
827739
52888
167754
307117
548856
602787
523795
823015
575812
174971
621226
286831
564767
107006
66301
933540
299056
59656
96908
52609
380670
83866
350088
903257
61214
427687
143895
539311
929991
716155
774901
566708
741313
630536
197556
349277
107516
338703
538532
764833
381757
688039
968333
203980
387443
231917
956249
591427
261288
834505
630287
232789
33299
282584
792762
29945
153610
851067
67112
910314
479380
722300
280462
887388
269725
425880
509833
211993
182339
492269
126847
285117
805197
309057
450660
913546
162427
314796
495320
233961
340856
503460
557294
447038
488748
792931
120968
106086
633518
931575
370846
752656
454295
607333
200221
747125
675185
152955
376812
271861
53583
140337
568649
352719
222582
292283
239378
662717
404985
729582
445024
926250
904418
622924
343822
325969
524492
721070
887383
505715
881934
314061
403101
994485
104658
213228
52294
619539
357763
670438
322689
241989
353060
646288
273767
916717
176318
283658
808060
241721
213170
616423
759380
858907
819372
557814
811858
150434
595576
223789
644492
263413
397230
756785
625546
769068
785417
64453
886061
738827
409046
987276
639661
624604
499528
638268
223867
430632
469096
857377
973573
1041
913641
837707
686168
260687
168474
738838
230623
494021
87156
151892
201289
497983
137363
651993
836233
874059
506434
950434
157751
738865
694255
367138
718548
335184
269245
945963
512106
123926
385656
197749
670674
831899
49188
815183
401359
6747
331118
78815
903896
653262
573124
523031
848628
192678
23936
529975
545981
483172
923903
612856
140934
571416
949905
430108
583001
436147
629065
852176
689625
180810
751091
570042
914694
884522
325861
179301
467615
278802
820270
616902
668322
862097
789932
663915
974895
270013
924794
739391
348363
15629
96901
632444
868479
634580
377216
706029
401824
623834
770094
721183
