722480
437384
997850
206174
567918
213257
930623
832178
28313
673063
669075
473431
171836
934411
848104
459162
32996
936510
205265
380442
502824
238140
379320
367928
579082
29745
144270
909082
639158
744019
46493
174748
504679
799515
890425
109845
90793
330145
410197
627073
495353
812499
485809
862032
211976
112145
444593
689674
717726
209448
439689
557021
62108
713322
437653
49733
8602
4519
157573
935318
687279
886154
582262
854377
348366
444433
268891
666977
719053
552362
314330
514969
471490
826407
812147
61356
192582
669982
448091
509472
61275
447264
473319
638127
925802
52884
684964
351028
994212
745455
525699
49135
112459
436433
473457
236596
463881
543487
352005
827766
57022
45241
268563
480044
915991
874296
165149
834462
315481
797190
727081
192654
632062
260473
732782
273797
413878
903693
278504
330873
350990
528989
994827
936984
135150
272894
824340
289331
365628
489145
902394
931978
94559
320546
708228
730288
115102
496281
271796
255899
756326
332509
230817
399754
464554
224840
613730
585043
857253
300011
695590
246152
720379
587334
489569
900869
529597
802468
223073
916121
278988
8529
330751
813839
96981
378489
755504
261656
681594
867615
885115
226198
476113
189366
502789
278215
885957
268704
826888
663244
339930
948928
672226
989141
465423
561918
872330
630508
214428
905686
18141
923994
567515
198045
653782
69433
765699
183058
7901
673368
715726
889949
791414
809796
509949
291687
24730
991289
717746
81237
337955
168357
517370
621922
531616
745237
663726
802199
633864
153471
675054
106282
969164
192555
529806
220913
884229
32190
986253
408705
136589
263588
614720
646055
717737
360217
442190
925634
871332
671893
815892
54523
126839
440722
474921
335843
69539
351035
489019
375591
936737
541618
894296
831410
857329
237054
151241
383648
176528
263696
781657
905882
232645
761776
527283
273042
495833
632201
424233
183709
515622
321229
855121
795624
220616
548166
498954
25560
927729
127291
821276
726530
302553
344571
409149
118787
19282
5384
872560
162878
502649
399779
951241
536048
224776
504945
391243
68209
544585
66631
345970
177610
592229
165079
99020
688813
415003
624694
666049
456981
262476
26697
114612
210171
455858
230412
130498
94322
709809
134462
215208
62048
501830
28269
365761
725529
881436
185177
165292
176921
707069
127816
98956
892510
229541
471205
734313
995104
753203
431894
181363
246190
646521
674777
944679
758886
844530
353433
805323
380305
871635
826067
456211
65625
474938
758495
398950
192615
819011
8350
225594
382301
791610
780863
444187
810093
405162
759021
387211
550996
307732
728281
469636
53559
717115
823711
559129
907032
963996
961815
438074
143285
446588
731131
643478
308733
938265
486000
80731
720560
806978
973171
309337
542354
532867
956001
520644
205707
837560
470371
589464
939102
654210
959476
662551
916676
861144
666576
394990
883108
129013
248698
92918
268722
864943
35242
726038
958753
321960
783570
903237
325830
882909
561420
655853
63499
387740
898274
376683
214284
835602
647033
361075
807057
582722
658202
322385
143784
391698
15454
82762
125599
278208
312374
335009
44507
174257
905429
893877
665176
358698
938426
799431
537662
895256
483101
341850
119644
907913
660789
691251
472259
331453
454884
4352
141954
115607
779584
947541
542265
179950
921727
64593
415260
579009
7038
954527
454918
379079
752622
163545
286839
453475
246556
258182
236396
757878
865499
585284
358618
790607
712271
616065
691782
256893
198425
687587
693060
762822
99098
779784
142218
262128
94822
117415
816623
999932
419015
976917
146950
322034
822699
591588
736465
358104
306027
128294
374180
165052
78904
374159
354136
407857
139108
95032
131048
102998
280074
854528
899115
952913
160284
7821
542510
320027
246791
522864
268653
461237
586373
759655
261806
873913
537791
799164
586235
761419
149212
657098
417978
116334
908138
129375
963370
817779
961704
951805
127740
888652
133485
168763
800396
283326
252409
10953
562618
332853
300759
44049
50025
174961
909419
440632
651348
83358
296989
542723
241608
216898
406690
570839
27778
705680
360740
45336
109925
65049
12622
519987
12248
312418
487157
924152
684282
11728
905190
777055
386115
939072
590600
647212
893560
177779
386350
603884
377930
250023
896508
177631
876172
535041
728306
487728
136975
883941
886362
530015
825244
250792
478090
779839
502222
215133
732887
88283
68425
301260
446166
197108
944539
485953
630160
612006
360813
53248
958017
617065
501093
793814
507341
135154
156
865994
752256
758329
137143
969267
167424
322774
748132
440739
452242
331973
91379
807617
75461
40904
417422
125045
107838
17708
374679
952636
233441
92323
382172
814171
645146
317072
892921
694767
723333
710626
208203
377763
880384
834839
948620
60
386378
260706
948112
957262
122008
746728
337883
692754
819892
134691
778845
571791
615698
317289
716235
750196
557169
392775
769690
556104
376426
720263
111322
114552
166745
577554
142574
591951
52453
871470
391716
999365
515181
591911
592437
731694
160976
136076
663322
685395
309081
598161
571016
777950
842374
476818
650187
722286
330803
564919
150139
140171
576360
244338
334684
235763
131516
834917
119256
315091
359332
919137
633041
532753
48668
584458
67750
334854
524976
330134
51268
877577
678887
326324
388262
130150
106189
321353
928490
342894
786908
71957
903505
261480
960326
922100
517971
119333
431202
42049
355037
711154
655152
998421
161384
46822
374602
649581
814583
486106
522026
629034
289133
952504
198226
849969
278024
774060
241500
559858
40702
598328
164510
67526
168882
448740
507641
479730
446675
361490
88383
590473
53714
453296
975678
472493
355070
697414
973165
564342
198269
109807
865778
708459
560553
907364
328462
323500
231684
779060
509670
141171
343002
680784
814703
30383
241330
580290
805364
603152
12208
801534
843207
161441
897034
598545
472002
10894
898981
893046
802168
568263
92683
517447
872510
67837
162827
377745
47695
142346
81838
674752
347232
228333
5905
268025
526401
13170
36132
233223
373869
421744
966909
381996
503406
69484
558298
410905
117743
336924
891185
746298
577120
748741
984054
555432
321472
632197
411369
403586
181770
578925
580568
577878
209406
121798
940728
712760
872586
410613
976732
516213
977621
794617
384144
321250
531689
462736
38933
554573
29690
16825
413688
822165
557143
431253
754897
427606
778924
962087
381781
345788
196401
564538
851481
691065
447027
866402
126500
654609
293053
661914
917359
866258
950435
748813
114363
693218
121770
703600
445967
137456
529239
548940
596557
761677
356563
923737
537072
999763
134583
551750
159077
211651
479674
424406
637186
71853
311540
258148
235751
705288
230350
21639
71088
165601
473225
138320
815444
352240
315559
991728
821405
124807
686458
494647
695236
718820
876807
4151
244968
680805
667157
186311
538987
65563
340376
856739
822441
446519
764469
18417
275222
7328
936818
395614
358131
502439
219068
200295
142509
944914
837907
552884
183570
635861
735766
360222
792048
705439
485990
638290
596044
334927
289594
616141
687356
979335
307391
864967
818146
72153
127529
884332
525445
800607
916571
81797
308621
120999
696047
70454
962971
70858
259938
135520
267523
159646
490591
102246
863719
167681
933286
146445
425969
901270
807065
479549
735276
35084
14115
319524
671936
29081
471814
448314
462536
960519
907775
576159
967377
982693
342935
326496
149298
595870
429001
236760
862979
39334
47883
900275
22139
535824
707195
182094
974762
299324
805607
706170
914063
220590
318521
21856
6935
77883
298557
233918
495219
994909
728785
897999
640596
229221
224552
7049
11462
146703
423418
956224
433062
908465
524300
938600
670209
940238
350615
224823
369419
205319
684312
750441
462457
57073
106355
979741
850619
495810
573445
168029
167705
979940
886597
980283
938857
995116
676181
76886
274411
241892
512235
30204
846913
526532
631318
520682
700110
998848
317936
819886
110249
630715
220063
142253
302590
603097
813639
152129
95617
830642
438032
256634
694160
20130
245391
383174
916773
802109
900499
884011
597108
571488
705166
689904
811367
886562
667551
192668
802868
738026
821624
848342
884503
789914
792177
416747
291953
543721
148648
274478
916029
281103
791058
173306
475371
614617
424675
817875
574363
721180
95318
677483
800119
945542
503769
52864
449197
271120
931737
232290
624136
486863
253541
511123
220202
737386
590529
877639
825896
302950
886026
317130
430146
994717
128640
985857
881597
547598
126709
895560
69535
632781
952081
502651
20295
907867
432128
920208
125478
645712
585656
597794
613022
2997
497642
474504
16309
941166
647108
870500
532469
659668
89313
442424
155172
894113
672590
795698
599387
201349
422458
104840
579718
287445
750585
575358
606711
920419
481333
525317
387815
616
839602
725885
815241
88158
817403
984219
494860
527659
720238
78886
768750
1335
725729
176603
708344
453470
273968
129841
244570
328001
770597
112439
70819
882807
308098
778841
460060
860129
817133
270081
56578
899292
202232
855130
163103
369871
249101
402607
898628
430115
936819
592050
242213
401298
807487
433305
45329
36121
153817
663843
892044
374727
544106
808761
166283
604536
590111
992431
15179
988251
786909
863529
625230
171438
438529
132954
840627
605579
20754
583592
192497
790172
450758
479148
917231
464683
409005
849941
101635
731348
804670
664684
551622
620507
904381
611250
825361
938394
462917
477541
928662
232147
836983
415329
679836
100068
592127
313508
661848
185624
895168
154346
994021
714010
277660
455159
46625
514244
628897
590131
716579
588821
925459
313647
11612
480769
986706
996294
219593
626083
885800
160862
17170
488654
114801
546126
145026
400385
395623
722777
909796
544184
571337
183833
474998
346975
113000
249527
70093
897634
75022
99287
894853
515743
804619
716432
563042
590909
47709
387032
418504
941270
565179
105663
744211
239888
497790
387346
32788
241737
581741
200096
803113
867184
657123
725337
590328
655665
457375
452050
441479
347208
614440
267748
736187
989879
834715
375029
157036
959570
505939
720654
208097
896824
48371
651371
310445
608860
921554
16082
50405
316097
708
986779
390652
224516
471361
294926
179774
175635
45365
94185
519141
199612
875364
285440
898843
435296
24311
281407
926477
31622
297254
822540
751272
935755
959172
872071
259764
309303
938530
426611
776649
211244
900129
525742
975601
482872
613464
158492
913372
433865
163229
289378
836090
445888
301428
871374
116729
963038
477842
407572
591771
337243
90636
459892
930098
553365
862369
252343
819707
2597
739488
838871
533589
216014
298488
77438
680156
28431
715290
620135
593383
787800
851980
896225
851482
26905
507021
358194
799400
709109
134369
464600
878056
952597
15032
333035
497299
272282
113471
485790
561432
581610
372802
543588
957468
397548
70204
475695
310801
433678
509565
570067
848946
971843
384822
436873
147288
246731
766692
569808
522172
119146
245399
959918
103946
481210
181214
680789
327838
679516
559377
203488
990237
796234
361147
731516
748851
692360
255138
52708
11300
385017
695027
33860
801745
576782
629967
521919
589962
340121
289260
70412
377098
699584
111593
7227
396179
559500
969395
176342
61479
816417
871437
210658
390240
387592
548671
81349
540077
720360
334365
703937
634537
390996
889202
497566
764633
687614
302282
916071
35394
379976
593305
141194
17829
944443
754763
532771
690264
301265
20649
600722
427203
499820
245796
685960
534195
531242
378306
593377
556446
579984
861218
671211
180
594723
90477
815942
271006
486997
485851
724771
802645
789852
20191
742894
48994
401567
201585
136136
128110
651850
183414
323117
278725
159618
638029
921717
680171
174578
883192
567350
812955
497090
705765
949382
289432
39849
613337
183966
522674
82521
45368
90778
305432
7129
191859
558877
854740
692465
669902
896465
339751
746686
745548
977036
377281
993061
365050
379598
982429
912164
591894
277031
621111
291460
392922
378485
776555
687915
49256
887691
37675
136078
471955
207918
1437
424195
311815
703929
379343
638900
981207
349536
736536
793968
268641
943313
16332
668187
855776
999798
705499
591750
664078
436119
664006
246105
184820
941213
344639
372909
282511
602033
461853
331510
872544
713987
401273
94749
25361
899111
674024
114156
843007
344857
492180
314531
929896
578017
197305
376680
769075
211218
205306
974554
390934
746412
381469
474054
773159
229537
756394
990834
368131
853429
867803
193431
491797
302718
944320
816237
123012
763275
846770
811742
226555
139041
182449
938588
695190
181793
229021
370446
998822
613381
327949
675301
991457
753673
825360
844558
617705
953126
160126
208256
595575
578489
315705
64436
24740
460163
934213
362933
705044
250505
516738
26189
843391
820124
14594
174111
934301
812211
459915
429395
405998
588276
157290
607467
806179
753041
955762
668405
607340
296783
448848
693273
381855
396578
836108
178770
814785
256629
824862
578809
934517
491654
64106
416701
70078
484525
780826
470447
285555
255804
819479
714810
725310
322306
983972
773680
655952
649322
858263
459007
589285
836033
305524
643458
383087
527445
838119
181812
777058
779384
566110
235519
924379
428964
122881
848306
422702
777656
917903
547922
126154
843105
943446
717447
747915
470740
205007
946871
663580
670583
853075
740016
835335
719967
101438
672703
853723
161140
194271
778718
821561
137265
332632
684745
441979
338440
901849
535985
159424
703523
708979
924554
161112
5124
853467
813247
645961
617805
542910
860102
854972
200156
590651
59533
56135
346830
448002
413267
740568
767333
947015
959700
518010
622404
763426
726620
264007
79895
813894
946173
269291
150799
107932
61596
101520
542027
475259
208101
638635
830226
97286
156319
994211
363837
555491
148953
509081
921330
183443
254724
671640
307850
659187
739995
260507
927508
100878
305212
119925
751091
900765
517594
654497
818722
320412
869708
592230
796760
743945
875773
800038
268039
166908
846790
878020
735486
458334
608537
948592
504686
463879
52820
418193
159689
738936
541877
510349
520262
389489
518189
998392
134977
566193
394189
698902
441216
360200
317597
614415
344657
260442
237708
45038
496399
518706
111233
798741
379587
585600
253968
88257
397350
289265
458888
480502
686532
88489
960553
702215
105981
992416
839090
9476
518310
620822
239001
546368
181900
911348
884948
170237
784216
724353
163028
34935
149006
878205
541202
983050
430448
102621
702210
192768
530815
101028
480803
81403
4385
694683
851960
777531
632926
200365
621073
60813
205252
570081
27458
699921
458155
747380
52405
991462
945747
630482
867036
581236
292521
383217
339646
231893
41065
732363
840371
57824
643037
879990
370155
152788
232195
477921
706344
668638
65740
740077
460428
573191
82241
795621
176332
396158
485120
809116
152196
399357
586725
709154
809765
871129
880964
160866
218441
405355
835922
969691
664679
890903
77411
348665
937186
991478
34701
566543
827388
573668
54380
727988
710760
75495
747007
45111
979132
816826
150640
970367
419333
352054
832049
48388
42101
485404
172738
31396
30071
206849
831567
958563
551523
514582
267253
444930
610189
130067
199333
927738
346168
665856
403873
105237
438696
806368
205220
37610
246357
977530
675551
364147
690875
94149
257629
574348
421134
558191
237639
786251
417419
943050
730308
231798
349546
150611
360184
776165
857264
557025
505326
358453
524321
44519
54032
517862
981202
678886
713043
122578
572315
519026
539504
978507
403883
830238
849676
82831
305783
565638
197561
396714
746763
772474
779797
368489
805697
977474
593424
501366
548750
119059
463372
349205
408377
669516
631069
194682
460776
284653
540143
603524
650195
691989
741191
263834
208729
745973
221794
759841
638001
648855
204345
123863
124281
675077
907622
63055
459498
621527
678176
291849
2157
207325
478306
824237
191558
922916
221739
237668
869551
228201
9438
886355
468416
277080
389513
9781
430153
438591
478850
671444
635074
755092
765806
362852
81306
910495
585307
242748
387627
650565
582093
916146
463
724019
947734
205521
541196
383075
653982
877306
693034
533518
457283
423188
71590
18606
916569
299057
627327
662255
534866
775423
56813
411313
96313
839463
924849
452028
320153
851525
704136
902849
739066
125509
558329
234697
169227
869462
568206
480637
418331
689486
37343
864529
855937
964506
849929
189709
334172
567328
419902
64633
12277
385843
894518
348708
913665
671794
207812
236305
294722
427645
139907
655039
140748
294421
661679
433684
667109
476496
278544
465061
226630
842805
296080
301348
421886
639482
197038
638439
79478
452567
576587
623825
46159
610374
987682
112415
293223
300570
413525
192465
993915
700473
763298
919922
920806
845368
624372
893318
909576
660689
666710
900240
113410
660227
353410
995901
468189
344647
376024
350896
322378
619690
689834
174635
218884
920395
29748
332886
837522
121075
759977
570672
136296
530060
845416
419535
304557
977664
581773
930069
445400
592239
774884
110897
239987
276556
294073
736143
628226
313557
139531
109725
829309
374637
760223
700603
399736
948567
632432
139071
164772
598161
603907
180962
76654
382283
252121
622666
469573
115138
986942
467060
849209
834558
426815
34173
175807
192036
165945
585870
774417
223737
590795
669666
452338
835508
268845
486454
231311
582717
131930
364044
869441
115592
611753
316955
356207
565001
595130
137622
837073
657875
825483
849943
151759
721425
378282
891176
947911
725535
282245
851374
504558
804742
282269
381299
109262
762322
192089
199822
455469
770834
100855
539633
63374
726700
530461
138959
429713
614234
909838
38568
372405
969157
316664
691890
46078
897916
691370
67494
469553
141841
27234
476516
708669
565264
587972
528067
741812
107357
53479
382457
435126
589673
954890
905507
807214
704784
45284
774643
507510
892307
477785
30771
120086
699181
202376
835450
193066
414100
525313
657066
900449
900557
652500
993570
670753
86764
862469
46087
961096
544231
787099
256234
31950
959062
363287
919830
24262
347658
950018
780985
352451
270599
823008
196589
362392
311263
267648
532833
557687
80620
602101
953384
771706
742633
740255
804382
767424
207213
193698
826419
638448
430150
834297
422293
130841
750638
721379
300734
49914
327213
273403
872855
413789
638730
689509
449543
496158
912111
736420
553757
524489
180824
88649
185814
493345
898487
977350
17291
217789
516648
105953
145402
52686
517964
372100
973103
69371
542276
459633
791374
918253
162316
267026
594624
563111
883889
872494
569144
49484
382705
447928
831841
141828
91949
800898
784998
240954
970253
243471
98013
44669
677424
889413
415825
80902
232206
774913
464938
681305
54381
865669
782843
833284
622268
316684
643944
167236
860112
932607
460146
900295
198776
522816
554913
883789
295551
79203
246220
159527
713597
428284
43592
858146
409114
167251
778731
527421
276705
953204
303292
212373
526204
259171
595257
475426
449810
813357
654915
599642
115129
698522
607018
634803
133658
679039
859281
187974
166176
149168
103614
44559
232028
497362
533824
497617
10681
252814
885245
267350
60887
114785
406935
915540
577798
163408
355067
492651
432928
816825
698822
899531
737987
816069
622035
42419
585321
37498
935205
27348
214694
186477
535022
111380
685246
999636
925882
979822
416481
809786
551739
306294
653892
566603
415729
551226
528349
895055
857590
663365
763515
678900
695203
58749
996927
922179
439523
881388
851195
224629
219986
708891
593509
670943
979601
19738
991735
111048
710057
789021
622555
703128
909377
557374
906423
628029
468908
298264
117924
894941
923793
810231
139169
24144
70803
483587
996185
832651
199105
27170
284852
2250
222656
121840
706185
967834
339462
332827
185136
70336
505858
943006
218613
960586
777242
875288
287722
383728
593676
702216
233236
503781
969014
596456
184133
597952
705840
661923
786890
314754
955863
756275
922682
146563
333989
507483
915951
996990
205948
330878
421585
644469
229314
997595
731981
295362
324069
916838
41765
373116
59583
325955
897314
325634
751189
823265
960612
134055
433274
276273
835226
977658
137873
732354
718220
196528
709807
539579
404181
422769
63903
996212
427247
388860
304639
266609
971495
614455
322695
680059
791151
711511
747946
728669
179602
207144
518741
950328
936194
789177
554004
844036
703501
845352
722772
471651
992430
147269
271683
608675
775360
141670
84563
766417
927821
806471
458846
278836
246469
477787
880676
186797
633098
521459
956079
908969
495272
560074
850839
338176
630306
641899
545698
909357
767527
386687
232515
806698
227556
498295
550275
648744
185907
707794
23997
412520
953777
246859
209475
727737
495341
328995
136287
312782
134331
313414
938292
965627
727209
477596
618370
128268
108681
954735
650376
348738
633581
772340
877123
811627
39217
557496
913749
308381
553970
593192
402049
488462
78813
922045
66451
859795
40866
726914
867229
887348
879366
743171
577307
440168
893656
381396
907512
504562
466683
735547
60585
503063
700002
225403
63800
220858
867163
574590
183067
674774
153090
595230
638722
131096
616214
125328
654384
76567
811816
639725
655745
353649
993903
331294
477002
115843
652409
235748
582365
660164
174140
660226
929643
328830
859979
50823
366084
991787
603236
962171
572219
161448
978726
773030
282277
985240
965855
682296
46208
328728
511364
805208
711727
600410
123514
461196
185571
720480
448784
96193
613974
309015
892688
843768
947761
892174
701803
340237
342030
713681
454353
960677
629783
981478
531362
47284
38157
348451
919102
957609
49957
854634
317368
604598
88717
968643
322026
822847
807308
732884
787554
708830
597447
320895
23802
841809
774943
914776
111942
773889
361464
709634
808102
423663
440021
719077
143546
361853
660703
55309
434485
806551
190533
227234
143819
904444
41532
848128
9668
233261
228455
642163
795826
124080
519123
352400
958271
984193
523417
564466
81248
745110
733223
533776
653478
465230
825304
101112
17843
443317
580286
65066
83849
402486
95554
614675
754302
91934
973027
997925
808204
804489
731674
598031
360837
681195
293598
215710
376483
651581
64131
363120
110205
967425
423230
579792
265878
744116
873475
252531
161552
220432
654863
174350
420222
558139
739714
480082
18391
980111
711780
423941
864069
553799
322696
775678
558685
556290
485389
596157
766506
171511
931841
855589
817314
338806
523489
117398
283706
577239
433852
184427
966933
678017
977078
113101
885336
504536
413351
945970
601817
390212
640547
464182
695669
746907
347477
451732
174336
713834
767748
671105
156503
722917
21560
879589
466642
386664
213813
956470
467478
369769
290982
347763
851719
566973
322133
700155
835098
32963
582231
114184
668744
120241
573893
12811
430558
912313
788836
827492
963505
905303
664230
946813
770608
925498
432650
563909
443794
68108
187038
55492
112174
129376
52325
739872
930665
483319
651219
702187
908489
709039
602356
985062
17832
623369
937517
370135
50437
843413
468059
145026
103925
71292
478360
29319
677111
306730
522524
960280
938468
471062
919807
143188
429509
427823
615580
338245
263743
672549
772050
530291
194281
868048
646116
430243
844862
105281
762176
747759
91438
369828
409629
419715
257679
823502
407933
678705
811057
68201
140690
436274
706254
387001
857789
964346
550752
963082
768177
825462
135373
366520
636726
574501
126718
231451
130634
215632
357389
684173
913890
465064
352220
214617
463758
596474
502787
715713
527290
731985
792929
696876
654160
87400
520660
399018
159035
440714
244739
954342
915463
739528
492056
296615
116836
630678
211723
820994
292042
528963
48666
584160
720502
670036
442901
908136
739218
773372
646933
758152
372466
825721
317964
359333
538746
557389
155320
776093
606494
841624
543858
333749
39170
529807
280227
706724
579392
776027
482069
395899
196551
171984
307239
424047
801824
849544
472603
500357
810316
267164
541258
73688
779850
954558
792503
657290
794421
746870
89152
849989
209481
614967
601584
574829
686470
874845
491570
575204
358253
271558
750369
769401
28263
159114
136762
892334
747077
413016
610547
166308
87010
327982
907109
862821
105701
378548
57316
100686
475619
28342
159919
780119
588769
64381
72451
350336
91191
454856
690314
853018
26384
716972
689136
197424
264717
529797
309590
230160
512265
934744
556832
257145
639031
761351
835818
608610
404840
882735
776215
589221
980201
833186
169673
219271
207242
203132
76397
473956
587257
535140
149869
812731
596300
428705
577865
515796
612829
534614
81536
904266
762959
18651
148392
113529
52335
101242
63069
877828
88311
352835
977046
513347
969708
646860
660627
432712
194854
519625
332722
573324
474416
455108
471457
544507
37701
554041
491630
898649
767163
551440
824059
120591
322556
821687
711117
840982
706862
625052
916291
492863
703733
88708
839715
249244
113678
506955
773712
736399
19164
756088
296664
432429
627136
411900
361130
530254
657889
310279
574949
979827
26699
924423
250315
658708
82291
330495
128916
11078
315544
566784
840415
299846
965702
728262
891331
567589
367157
844017
375684
970319
455822
376861
916513
745209
719309
247713
372426
233959
832065
541729
306224
882903
832049
434896
42292
448781
82137
2374
626241
546620
590290
172154
760181
856590
457935
131164
710010
658320
137667
308882
39988
323645
215328
304588
40531
989478
94011
949958
807431
999098
596428
369050
298387
810424
866833
727807
555451
953006
988049
970210
234839
310636
365438
821087
504458
520523
748980
389340
421324
167315
952670
40898
976034
515149
804343
444121
313584
162982
732718
573375
99813
282365
107491
189125
188244
927306
759375
468199
440803
773226
256448
964517
555740
199499
848193
24834
1697
169008
16152
58904
670716
463521
49192
759126
230484
521651
330679
441624
756284
188847
934986
71201
323558
678114
996909
185528
414837
319809
963023
322396
860848
710198
211401
701348
656402
939851
613951
137656
86462
254258
17631
224550
970319
689070
398535
425250
935054
563618
320835
264093
317501
117748
64884
966528
601936
475358
429004
803973
217339
346769
524213
701938
139302
369157
292689
183539
197694
553186
539292
746900
77093
876164
801710
883480
939977
236079
751261
245816
146450
122447
899456
46779
723829
64873
7886
318254
420134
325604
766372
672961
489258
870190
610917
364926
906570
315149
732923
435110
859555
360706
283644
908458
480795
385947
182441
259907
471726
908310
51856
49966
412710
345709
301457
113864
204329
9027
661821
141697
27436
992297
323738
456704
270406
41613
445187
296468
777119
258303
405548
985489
382023
204897
675908
511567
339043
393259
272563
275579
821186
542233
357315
300824
866253
287857
7707
979606
930461
97588
720037
189197
357543
727457
213521
734998
709650
484192
963379
381126
522601
272530
552840
917704
323180
178674
813270
488982
896641
238696
495409
114388
40648
312938
158105
769801
977932
669711
115265
391930
494805
42546
874155
570917
201946
213567
861422
266327
83667
383389
978585
419882
678765
560504
750194
731807
694103
185706
934167
640148
845690
549637
105030
295842
855429
950399
752120
844565
935910
473403
200360
774729
523220
956976
439857
670237
541705
165368
548309
277911
868237
38775
907226
357332
262574
219366
750414
576042
16396
910203
552492
332444
762384
97975
119895
875321
980029
255051
922883
663441
136479
474344
95795
392469
842143
184482
853212
579210
459320
915136
589417
106282
283780
938914
95960
435159
857712
683535
982529
973116
452943
585179
333239
397186
282249
322929
862919
316716
746740
392898
670750
203600
332411
739466
644743
397171
295674
699900
459217
279551
659948
272330
703374
995619
893436
133843
778168
555847
842999
422952
996015
816107
328547
300988
294814
125723
886441
188456
784251
746577
755821
522649
411884
261095
827838
382615
238151
434167
536041
437554
432498
212881
860136
301323
305962
115800
257144
196028
434527
958201
956488
514661
75899
892169
592973
981524
720067
303675
491891
542224
21206
527802
740013
365890
34003
966441
396077
482433
877592
228341
45616
256185
212261
760019
949424
824438
124510
221851
89213
478931
495727
815680
551526
469817
319626
192235
870097
966102
812236
632692
70762
554461
691901
182141
163192
298611
968950
610282
243979
610237
668893
343616
648658
184259
749260
44121
150281
941185
737040
180290
922831
513098
802125
884913
123093
803225
721279
683110
834995
258998
223131
739420
622805
913090
860628
148588
804434
131039
736505
422847
117469
36734
161339
693998
705556
916422
299725
61112
623862
789150
850276
456991
343474
601751
987294
756895
9754
505465
397439
447308
660790
868329
162710
604679
627957
262259
367742
825180
108927
376122
341504
310651
551718
679545
666710
391378
764090
655733
835082
813827
819387
641217
84157
668167
761961
586605
618500
125663
562104
126733
336749
252594
858848
296225
995359
998088
949968
848102
233183
61153
204162
624568
240303
