973034
292689
221105
477754
160258
64077
860351
896867
484699
626715
476021
931948
578170
599617
137589
379042
203464
573368
207866
373219
626399
660975
109169
240557
778739
325480
915632
687953
408480
45761
496407
690374
247051
709837
757378
141721
885624
757089
522024
406210
258920
114347
118995
257938
643693
171707
223164
709705
119500
461542
853826
674693
731340
158463
173063
735060
688545
752838
224231
225194
577264
237341
923286
785262
229311
337141
478357
153199
526715
157960
114961
2868
677860
320447
328280
361200
200921
992307
577528
916500
188220
997904
684598
47679
213057
404822
746088
712529
962648
314297
227888
693213
196021
732713
448789
380476
558008
495852
32831
828350
624382
37286
700559
249020
516483
106107
571673
353737
739826
216395
719551
855047
416908
300252
834475
880725
501680
559318
736040
354150
465932
539943
823262
690861
410081
79686
93864
284660
546220
413717
718740
762700
609078
572576
383350
889759
74042
400579
796969
571105
603822
994087
566819
540005
960304
913580
525620
137612
250766
70179
770779
630808
921458
759410
358789
703135
462952
529371
624675
48410
93454
452182
327974
777885
849047
981658
227098
962337
96123
669563
83420
524989
307711
768749
689594
508212
82844
401126
550693
650087
205967
391714
523669
94379
458940
442624
561658
166517
116160
57418
239130
612722
810450
45778
574923
865011
909204
857079
814031
312518
250748
916679
308935
607968
563737
326014
927318
377206
433989
969453
791891
147306
900582
633078
422250
685410
908320
846515
449552
575669
942427
941687
166752
572799
589612
932012
366935
382804
533602
303067
214824
423377
260080
509003
647165
299214
790258
564480
698188
929647
443869
385765
936465
123546
331144
422660
867501
534851
103505
971185
230619
929250
906989
899783
538187
191494
133968
126154
174877
899524
322229
224428
150779
880135
971723
666603
596691
253195
8380
788375
220336
458533
646490
347505
745012
540730
681896
671407
836340
396624
741891
403805
998896
511425
658732
815709
364269
675275
702834
153807
827377
355077
294912
450699
312027
918509
85633
612619
840092
594972
253931
303654
811606
925722
123247
660535
516239
852878
356348
329756
125522
427086
25130
341146
156322
685461
240266
444638
686620
585362
397767
642847
888808
637981
371576
946847
573595
190852
467782
452751
151469
327428
213877
183250
166354
479379
775888
385946
522742
734554
796085
749167
815258
726145
306618
728782
211974
251938
377019
641390
805098
544095
730626
493277
330133
195087
935825
408265
465617
713939
923214
329755
552089
879687
476172
41406
678135
399188
366962
311806
741374
778403
737482
200779
341537
676204
716456
833628
307887
237292
316084
279600
291244
43765
601111
471855
496077
507103
282174
491376
90447
838300
170318
111124
128948
218410
487716
689743
353883
236961
193479
909895
103675
347628
772013
449620
17084
559124
695015
514920
638449
665208
211369
498376
464118
714201
170874
64504
750691
466066
113908
814069
293930
79077
758137
449884
3347
198383
674802
318760
512336
868670
207941
35609
295615
913913
246355
420527
964797
872893
471274
26645
629089
921865
509454
188699
233884
431183
114399
942812
321131
331179
957287
173503
218166
353967
184898
927640
60489
861533
173546
462958
401004
3502
223519
145560
822688
968527
564207
599488
48889
606187
966119
871241
845011
554979
365398
970829
276978
530779
184698
368191
48762
906734
560970
501040
108423
115393
959583
21677
698282
73333
755520
458693
368449
244598
501193
356455
75250
624
246134
846826
702148
532770
189457
348263
371801
19531
673718
51713
775244
478976
319296
242821
142243
912863
309906
550892
116017
955166
315652
56189
467979
42237
494183
783759
955108
835738
970103
341805
77448
630499
972892
11218
332657
110949
62301
474451
278922
53507
31202
933148
388541
352899
897507
549202
387003
996611
75379
325912
159112
939849
416867
657453
668607
725559
881236
406067
317418
476061
313501
233419
269110
548393
321365
988251
561238
304761
634557
664177
653175
451281
798541
934529
660507
522600
119769
854730
454805
517597
14112
753431
975711
163911
764337
95010
316891
118378
879995
915923
112613
689925
818735
811686
3921
353544
340
998058
972934
10210
825895
395749
649654
819833
740972
272021
919417
595379
54613
786641
571589
908593
934350
516494
201868
804636
997539
610430
169074
814423
879631
216467
109290
781140
765794
86178
113260
133378
262541
405602
379092
17700
496909
507283
79962
928829
571506
312059
448682
978920
807691
153739
252704
261636
61936
233249
962210
427532
412908
697511
471065
129860
70085
481368
611468
440463
455977
393955
539163
877534
914614
727336
913622
899651
625125
962079
116024
978147
171284
799512
603395
772362
711280
358621
10873
685273
726204
759027
165556
506074
425472
337343
309539
368244
168784
736070
59361
904762
99255
142925
680115
697437
405249
631455
221598
114178
294946
374381
14819
393838
261574
998543
360025
792542
315702
587497
517093
723828
707492
803881
312855
930315
264403
603052
305828
197419
149797
608192
25404
736728
760002
236420
256904
880709
962211
640876
482050
419494
661624
873825
376944
639651
654780
716933
714046
346408
982995
225108
865079
515097
373660
221862
428448
827939
513497
866577
812657
200302
841144
766891
837936
607214
324926
659180
407660
685721
454671
895218
39444
988019
827292
795679
458802
458885
538857
948765
445319
720364
406394
596290
190531
657229
380121
99406
503649
923238
467335
309713
420957
923136
393725
15018
214611
796225
431261
515626
237558
552733
689978
66454
320297
478381
821824
742475
600381
197208
758978
949628
927624
932141
575454
383576
812190
715923
806031
966407
161775
143127
299663
520850
485885
195749
298279
37538
778167
729234
31636
40224
146743
538838
533848
751804
874837
643607
783194
340617
608550
555808
165306
28294
593365
552432
568886
920504
956635
924463
337650
388146
704670
826492
47463
879607
61028
498337
594091
900854
294514
552296
690264
412979
645637
71367
817820
700167
220140
929910
242653
15550
804992
425506
56134
672798
573249
436218
793011
644615
390415
622182
789749
647222
962434
82455
505346
92579
753702
469433
723836
593931
793174
389637
744732
899848
432115
572276
233659
966747
324674
226126
321981
429196
447904
602144
7258
40168
474786
523852
498890
877098
21453
787643
288653
806324
557358
817389
674004
967932
988440
427696
129231
353028
795576
607343
133716
92609
857942
819234
884201
672285
796202
472931
421102
805144
498201
615649
927530
2569
753995
970093
745072
827523
22249
892018
211565
279251
872952
459905
413329
341093
289677
812874
362008
577286
974764
308584
57588
826500
271553
694035
435609
501169
358266
4473
137892
112327
563263
989414
951593
302373
324047
375583
802519
892535
20472
232719
336586
429941
469875
707417
67822
272002
292761
346252
33802
946164
890246
187764
239536
66483
750089
184077
344320
706042
997317
135315
489044
489275
799655
482549
591499
747295
240771
829927
710837
212331
647822
685335
749016
97982
756018
617847
133149
844407
421330
692025
248666
258547
801434
747033
183101
700211
158721
640340
619985
687773
685854
643318
683248
592281
477028
925969
209158
383644
592380
573577
603709
488385
639933
968525
860234
184851
619851
690208
91220
334823
358409
419925
358140
826534
843644
355353
448461
234217
599229
33706
441090
343549
103258
432422
679086
249542
919243
910526
682252
807743
917004
53065
473059
509919
425371
163701
862742
584855
154384
675864
188294
820024
438612
919716
748004
139954
897151
120889
827030
265976
153170
304277
946821
826815
220046
444199
909697
810276
237487
650753
5458
390061
987976
980587
669724
588775
265660
460243
166957
242223
507926
509475
414311
285005
481222
67883
914885
150971
400569
155005
312779
539075
145107
225368
594190
42630
977932
10940
694045
545113
891556
184284
19723
735625
479748
205170
522714
572223
204531
442924
757830
134655
825457
519684
974315
653130
191540
362541
58195
764004
111996
616873
63072
159792
85973
811448
240466
202039
702505
293994
364022
676039
977727
132438
593196
508088
452500
398883
113235
764170
280788
768387
147667
670442
702325
530560
797574
833107
192433
457710
478276
945745
76126
666048
515977
396769
685547
887927
561925
497397
775225
163637
45441
843156
377491
25392
897513
875613
979020
227586
101882
555115
903220
834781
634312
757332
343030
922651
702316
557324
271313
453235
6218
524135
891953
646600
366267
740220
930601
623131
394139
902117
5328
229601
154864
880866
763701
475952
684789
285
844992
500242
292355
313352
587238
742332
704603
539682
650568
584793
565458
335129
420841
616767
723545
221898
251850
310019
148840
446116
944740
124008
441287
509610
32129
698674
132089
350999
722296
499673
659973
632987
907907
835481
215650
501252
788158
992358
808574
36280
20863
727421
566187
779230
317068
24918
746279
215517
199485
622518
262598
856252
783087
706592
645374
578409
852386
611883
757647
967125
411312
298031
755789
588284
176555
143193
385355
183618
63505
666526
631782
831993
649518
233804
81707
948928
722127
54716
684390
543237
724510
676516
503624
752362
910559
66697
702451
632837
501958
163473
804070
422978
851826
377270
182912
906532
451018
270551
318706
146664
11827
540777
320134
604682
60011
192906
427910
1057
873413
179766
845514
554853
625153
219218
685986
937041
876615
608998
107932
589987
509696
948520
755826
817729
109010
490035
219219
59510
166902
463063
901708
376345
344311
679498
268243
836750
431624
519227
513840
472230
699202
198471
466889
47010
60410
670917
608328
365077
411964
323516
897962
720231
54694
972212
764903
648885
203234
716457
774266
130710
316417
375580
683532
761785
765617
866245
729473
812906
861403
466851
726622
901491
53467
832371
724244
603807
17309
891199
238894
534298
917968
722381
854484
921460
248586
842488
871290
983812
911288
335325
405416
6441
606400
996460
547686
576300
52917
645534
120323
802561
909494
387077
83010
371692
326180
756543
867042
139265
369661
434884
729993
296004
730842
291295
922700
859566
317441
887866
295581
2641
297640
481873
847570
319571
209543
88969
796110
248918
976856
4953
15694
463032
947694
125542
389394
652918
556463
320237
483493
965227
400944
875994
971019
121143
843947
615733
223047
37114
196127
458620
996486
916032
135813
948491
92651
142455
687146
545848
995576
815387
322606
864571
871190
525490
922199
113866
504897
166515
306770
863108
990034
773698
435016
334019
232554
204310
953945
374676
563000
630140
218488
473283
431272
574452
961699
419215
48105
530617
956029
293820
400536
725087
752841
206664
116174
701716
854149
2677
96579
904008
654369
721669
152477
948393
832859
970116
250905
892679
350584
139903
157844
220439
89184
344722
966647
583123
180503
716319
196093
782910
106836
496795
40163
360134
287168
234754
163179
808194
303436
636331
530444
846490
525615
765942
995129
954245
227963
652897
789260
181677
261147
493754
883983
845040
951339
184239
492583
75776
191156
448001
766302
101482
201090
537943
316427
361332
303332
532719
533344
561951
504896
889135
803600
855243
918608
175385
643483
23418
545981
241309
802807
372076
424086
919753
708509
39274
383021
639964
784685
445023
113422
929784
7550
968224
723421
6133
11654
117261
344203
606034
832803
273615
918709
104902
128580
964737
664857
130549
489462
239403
263029
291838
498703
793833
633662
560753
585905
517162
260602
176798
971387
796948
499770
212680
940306
306565
790520
657465
578183
674677
126409
775919
746982
597751
714814
136372
362586
81438
464861
972939
872000
728316
30007
611718
967302
338502
644582
749941
629119
427155
779877
539705
749703
296899
198988
999542
208014
588668
368102
446566
321154
779344
871088
233611
16669
115003
409905
537020
801480
797576
11761
51681
80171
470290
921111
687418
322706
927592
335074
343961
682365
826954
147844
625840
771204
337616
139158
217221
860261
433642
760956
787714
543276
207362
254551
702248
399293
102334
889376
581668
785985
930849
937959
136506
904363
897937
48361
828318
316454
273139
426183
861601
200989
53810
563049
343816
809254
984095
295086
895161
783820
380083
660046
983823
517303
939503
262799
422413
62906
586020
908897
112430
25465
244495
686294
66586
928245
16796
480192
316469
460534
705035
845033
39058
533076
928368
350249
208837
932961
306196
156840
248854
679990
600569
364593
597842
322393
11579
84206
712571
30792
582738
235654
442399
479204
926004
949456
802182
819709
312856
362546
238853
721654
94356
611610
994543
991765
952103
350936
179691
44138
504339
153815
520673
362776
208739
692023
214030
89925
109707
422408
206008
993370
557996
236516
986555
726327
148086
288681
941057
591543
796520
278609
325712
77658
588723
82097
940285
812949
593020
402763
813374
551795
373889
841551
607325
479462
606419
932085
690697
113198
554177
945456
891591
621669
170773
720335
983109
474980
519096
935157
441487
664854
186480
490931
987739
292375
731082
937727
954814
485448
244819
722004
726977
213426
46272
462309
895631
323092
841581
70590
933637
850251
413762
540730
732908
542428
751858
227163
974787
76513
1245
319753
908148
869518
295446
422186
293929
421792
455934
177370
335352
835745
757967
825863
180986
244634
650549
137580
884921
100053
588118
57320
62919
339597
492275
673402
960427
938676
388518
538908
184311
760673
750987
720057
568245
959957
39419
273035
180992
120424
116148
888341
494126
66965
62484
710650
747819
981086
735364
16121
403297
871325
521970
310854
616723
410985
445558
263238
170953
942753
488150
636902
493222
679576
492581
119383
261461
871709
746950
172970
152482
711717
60174
922821
853029
650520
460743
831424
356504
906933
996881
217439
904842
850722
998948
751211
664877
825428
352496
403311
485641
818327
784741
331852
53267
770810
232079
183098
185560
526043
928408
304731
209492
444171
599601
901565
511136
910365
913868
141293
553415
751888
414273
469170
615417
958550
449040
134829
410392
857408
285638
276939
417200
222281
791608
889764
566532
560124
504492
545011
721219
22530
443352
529010
623898
93260
781826
672274
616227
205209
612614
964884
106426
856676
658486
154375
759408
150510
588763
368286
733401
610147
466650
367469
57280
353708
925874
395648
165435
70672
543138
112984
267225
183431
127912
728003
139383
232733
651171
964439
738098
705216
927386
447819
792438
123494
777749
150833
282229
67421
62569
157076
804852
420208
421394
800874
678719
666419
784888
564150
543229
220908
884052
135549
900190
35102
754860
773154
949616
818995
831482
662368
331409
733957
224491
905764
626431
332937
352579
367685
522956
976536
607965
535009
511789
864347
7248
46613
370545
435859
806958
124440
684366
459843
957990
967605
462870
288378
68169
506083
940682
26625
499049
111170
200325
286621
479774
684084
143065
496897
796706
237590
480823
419219
329564
375834
952391
470169
701690
300354
473368
471296
51319
430011
747249
825545
117500
15380
411590
76112
19427
278297
521350
815226
807830
655376
183505
564411
372950
368015
701575
447106
160216
906232
450108
248321
13193
269139
357064
512668
632306
610502
596602
584301
166199
28275
95916
528434
618874
184238
739441
238740
209565
922330
488683
780117
606884
726879
128314
652501
630264
117897
359567
688576
78599
762880
797918
437335
352713
665888
562930
416474
900766
751989
952410
333327
319507
291540
33153
382962
490116
349144
978715
448761
434331
863416
481468
217987
126454
1986
248899
312284
200679
256822
671987
874223
773077
217345
77666
566665
962175
682581
267209
858438
164577
327521
657020
328346
23279
818482
100789
437054
517310
582694
442633
268788
886018
597192
567100
992761
538034
304013
708080
819079
491080
48746
189816
962628
615076
916112
285450
761546
235280
495173
964819
443220
931038
648800
94053
458753
51566
668065
146828
417224
953484
503915
415486
630265
171510
856991
449008
165484
835899
476885
99461
463176
173374
212665
785825
578738
741978
139456
550236
758031
793952
424326
664851
530168
690747
812486
434520
230394
768437
847605
959753
182150
378578
868283
163838
180347
790362
696207
160348
777230
207092
4269
669702
579988
534254
561847
229108
704876
851481
990566
803419
453324
45841
126763
258572
149542
246939
523430
898713
862326
418599
862209
55217
730283
445428
213099
412493
598511
978259
645805
927299
559573
239235
116074
408312
243551
207547
26295
521267
280360
432775
961877
13004
969716
200138
994311
149955
200850
368034
178068
240173
74476
508008
289435
226120
764971
966166
391246
543408
846729
75908
786893
165803
732660
485963
156831
844894
554524
605834
636751
579491
811290
692679
326113
815410
751932
425005
142703
570427
27953
152371
662373
258966
118670
565342
480725
565202
846330
146269
513144
292074
160444
648850
29250
386262
149087
33712
892385
844733
493440
832767
506385
132231
888948
983996
191966
744593
374296
463326
59000
123450
407094
716148
959020
765978
115024
411690
869829
316435
616973
609963
875198
814015
751101
198112
239522
460617
237963
746262
111170
497367
852094
941821
675923
896357
136619
347084
482594
924205
570619
291970
387828
78722
911701
560840
371006
863933
919144
909235
244477
813390
98134
475173
165619
52532
53248
719891
993600
731975
33130
674145
196505
970802
344651
995880
87271
646783
712180
586330
225918
709899
72026
951933
441656
281752
75650
296531
619886
359297
458184
734491
821266
17480
994251
801583
885676
960203
748600
176206
309487
388502
648754
109108
411703
105874
764187
55014
838818
855002
42882
525258
538824
925486
380073
225778
719064
427520
129521
561081
11408
392812
565028
597830
669336
273989
198751
88238
335740
315979
432794
814582
389893
261624
420822
221685
254322
878137
737185
416024
954776
801850
214025
665728
21267
983834
53467
551366
696104
916798
888150
746142
639289
200897
699569
422169
871843
249737
210182
78852
849464
36277
830170
660334
894356
502962
299785
343815
941470
18157
105235
911012
763229
873635
655229
91168
909684
634324
577253
331932
207420
11157
727526
402662
427452
644741
782563
66039
199751
925015
716852
682070
723571
728847
331115
79899
835569
907592
7234
965390
447886
211889
388322
777838
428485
201688
382482
872013
993150
562334
261946
417048
936935
185099
229331
100405
792174
288506
883886
973125
425304
348917
222621
199433
748609
387803
593794
33121
259952
344958
927346
826798
838614
845001
358981
622297
255652
452574
119548
518957
452358
164350
627024
979936
661823
162402
431187
770735
273506
441446
474309
300775
664170
965285
292150
668287
533431
586144
853970
658210
199589
319767
893198
561868
441867
229178
632622
181130
247629
27129
295280
36515
330527
560632
912472
631061
24278
215006
777241
117880
557676
938445
531677
171200
808208
636652
706482
897950
881576
907551
331921
702277
539236
477016
962571
149386
414592
19527
564946
849700
721750
540973
181921
671571
508893
463374
74697
862686
540226
146117
543641
546164
697697
80689
276010
590964
85024
304205
917956
267976
895976
457438
380144
513452
344001
949573
219420
365965
213641
532212
518372
174028
826001
968573
262147
451553
248725
184326
779669
762397
717589
52185
611528
475847
528724
929240
275359
271144
675436
862094
833698
252387
848140
482464
244518
362236
298320
453666
662964
949369
328827
351302
853785
689253
82196
650543
638986
162865
786970
883427
527601
24886
280676
154655
165848
887510
412442
980741
49777
50368
908682
20593
382079
960721
546728
134697
500837
160920
187365
906802
409865
828594
986986
221375
971173
9876
279665
95301
485162
537191
14784
218538
225809
749070
118596
57755
676287
673283
143494
326845
144147
538655
31884
579835
22224
183032
536014
893310
170210
675748
260819
113723
180239
613468
666984
294758
526523
946301
977661
513156
691927
845352
627932
7262
376744
115208
856135
10641
869423
667571
635884
777538
699131
109418
589959
561584
807559
288187
924565
483746
477136
104454
802608
687359
965944
601948
487628
599100
632208
291394
809228
661103
688134
346198
458178
355267
230570
683849
50562
111941
532062
33674
353185
370074
490970
530500
412495
816979
104986
658813
847566
585241
221029
662879
550286
808899
499065
465172
439207
408646
782680
666058
877426
387340
589609
365078
178436
862109
520205
705589
494536
936890
691327
846253
904248
841801
920359
845265
80248
459626
835387
44964
206543
584871
953938
406165
254979
870026
775
613737
586063
450313
763654
518455
51139
133661
355254
5324
254329
777201
742659
470895
275759
237685
658631
447934
62598
488593
986516
474487
613078
225591
271648
839955
428267
374673
640910
706188
738145
954266
115925
176320
432919
235465
704847
665901
157011
523111
789792
423900
818546
102466
408385
285211
910026
1018
999464
132578
238750
85304
759382
150040
121149
305919
907068
856685
631863
907866
642891
414503
892669
102389
742487
45051
393044
971784
828775
55825
267190
807406
618651
543851
660805
292308
418682
353310
583852
546124
367064
504574
539733
544641
804320
873176
644864
975237
946692
58840
200646
830854
698622
197899
827947
998688
366849
213119
420185
535436
114177
938567
366847
144885
376796
592539
689670
900267
927459
321628
699435
78129
229193
615732
248829
219825
588583
351772
990773
209231
770922
145399
278509
678106
261786
10396
926591
957663
424775
81009
127867
925208
655506
906418
404932
58370
369685
462225
575367
208524
716592
827960
816601
634731
909745
490794
729005
462026
356639
462151
174446
647263
538403
737198
769151
306329
837140
221501
528781
749813
266334
538611
235981
940464
264078
279095
502679
239895
931836
863730
315423
902202
186453
545622
511564
651711
105219
201602
524534
788882
470908
124478
539201
511162
375652
900449
129041
793415
541088
77138
495528
244200
433912
81387
890275
693913
823784
839097
930894
149817
273859
851488
497631
661113
343685
398492
149014
790960
683315
395298
722798
307788
254065
202724
285568
418212
542432
657844
244981
642088
824753
38848
981350
20922
93259
186043
792786
446294
601045
462557
179579
282923
659808
141696
387741
410766
273332
172395
505612
969092
505462
436588
481577
750269
813107
367262
225664
19488
765643
934731
72706
448321
872444
586474
20442
604144
457482
171209
819629
243179
440136
518214
312691
359731
140294
361645
294588
706328
781034
372226
99517
466046
36742
914618
212072
783221
465680
111829
179572
32601
9226
392777
325397
613557
448181
322263
795853
102441
350328
351625
808284
134775
743641
62410
701139
66858
118887
645922
501639
169443
26362
393100
67808
490177
267731
77301
184209
569772
339869
928531
432546
134590
397397
262112
792744
991631
228549
462386
564759
954972
669547
157689
918766
881300
856889
528660
430160
743870
100406
239376
750131
67081
399042
498238
936881
460722
324726
826927
609852
608204
184041
922062
946671
22639
529808
197275
485823
232383
13053
151936
584976
656152
670536
343889
775396
359059
161739
748965
406062
861688
925510
371851
44677
312832
955108
89067
738292
424005
59285
299451
166766
573000
799962
109850
830750
495327
739231
889869
298077
499705
272514
484051
362557
499279
872882
116902
632706
826985
339314
742737
985585
969226
28733
431464
187456
638138
265412
686505
787692
273838
228179
809902
386282
990101
909457
945803
785653
215169
745382
784522
827590
968880
292983
291648
331938
324663
514124
384203
227789
494538
815059
524011
549276
825898
813502
108987
530408
254507
277767
463115
775710
714209
611027
689370
219828
478247
913204
465269
875510
24331
548937
705318
223102
255065
487360
416795
769154
989123
742076
717717
469064
228970
697618
654025
273140
792971
318764
396183
997697
643785
349968
655908
30158
216658
196411
225558
991056
779313
674087
684139
931494
621616
855276
730359
883786
422504
683395
575032
544163
759591
583013
252311
636279
118716
423889
16958
730813
489825
96941
317648
832848
414534
842692
379593
135424
739958
949358
56244
893635
933928
648717
379459
558921
440677
260339
631118
140141
120080
678945
713067
173575
765079
943915
365990
578846
20277
943287
364445
257403
169505
561380
582011
550744
606614
137991
385871
10616
477184
418384
953736
776528
311488
239755
91471
456803
20316
744195
690753
625131
977478
937153
346951
392371
470855
874226
294932
39874
183240
411942
83259
529393
228349
479732
384875
777822
610927
283068
608712
24761
783332
87429
258470
56699
687340
881924
703396
144503
576011
148734
505443
691849
94974
967108
589858
182635
80172
312605
981176
527590
956906
269507
535533
102436
885867
34947
680180
199012
86402
706823
721097
21704
712086
985585
219939
304841
239777
767069
530070
648010
383652
577545
517513
554121
663019
328081
931407
164658
539960
125906
567715
214350
287631
629681
785669
968985
194910
868660
537899
229360
459462
365453
543142
800297
249482
558071
274195
122045
45139
531833
49722
76960
528029
845320
858630
957298
355330
933706
804705
346957
441377
633140
831915
448446
36139
438868
416152
622865
607625
339371
617316
184838
355309
124338
330867
635104
509556
860413
908552
42331
590837
322749
210018
481405
12585
685920
630446
22917
753655
816211
970349
107840
589722
970727
978916
326203
85553
693841
599226
274515
740899
828428
563121
818088
677100
921817
981764
219696
306761
399398
11929
693415
204732
20173
311842
828260
37692
657139
77078
754376
95101
256017
557320
117647
854743
811919
824289
680648
498325
329420
839230
409633
959197
482811
98856
540
747767
267367
604652
519646
141307
878998
616151
794022
437020
257868
983696
675739
287371
255079
809490
552957
953033
469479
568004
74302
272076
574672
754934
908458
267661
67048
3514
112961
509740
718300
526813
285797
289025
5311
71745
695278
430464
527666
770072
984283
489288
85086
184767
451108
319112
208862
790900
943915
854990
563898
425654
797776
908718
434638
693688
599011
150539
64202
474945
88309
926021
192146
892579
553991
175615
896582
353237
934116
799947
912348
739248
237963
628789
489704
945795
910084
543913
501309
923155
443731
801473
985262
953266
137866
979631
212142
776762
321849
644292
8341
527590
123585
598107
921667
686862
570119
575780
498719
317758
738628
686672
850233
371121
656824
453654
465742
942383
715902
694945
569961
845056
924859
623638
364070
591116
724528
212037
227794
518545
26927
495723
913582
503871
186667
578593
839635
532083
139688
736166
765807
413454
254481
707268
610989
269426
134248
725089
105459
485976
716376
984548
684997
913425
801510
954433
304838
333143
47878
526243
999391
787343
923402
935541
976376
51358
868149
489933
142756
988005
727406
120246
593817
749530
955984
632281
445660
683140
597214
763079
523259
700115
889684
684454
638324
396121
131160
326069
573684
516457
995216
833341
809337
654027
422157
347222
68504
226457
585764
732819
978843
407545
993309
871051
987778
607478
372037
478981
857002
106557
503070
565695
967691
696114
340983
427035
478748
266029
988054
462695
778641
780629
5137
247559
211460
51606
236732
144833
838130
141378
586620
861349
959772
264450
439098
496599
141645
221943
300084
275258
252
626609
463725
688123
667143
966730
614917
929783
41951
690656
850531
248458
251843
912814
842190
931829
408357
438535
868123
732459
866409
961646
227457
546680
980427
694676
971912
846927
787167
638446
864352
942126
668724
112115
640974
328944
961746
648431
477185
891759
722787
769863
776707
825363
202414
379018
923211
808956
437310
691183
411503
58120
497569
545009
470966
870977
347084
411524
61964
477350
840988
840754
741966
749204
115511
954071
687493
659793
136273
648821
12016
960438
264395
903797
463162
333814
391349
159419
747851
422351
906612
450980
583291
216587
273599
332767
274592
275251
858947
769061
784904
623441
255335
791574
102530
437857
525418
229618
73431
878612
892071
28208
319511
641600
51258
761790
124685
881063
142525
851606
946196
80609
475052
217081
168259
293865
362535
817100
646339
157634
2901
879179
425346
627652
363172
455470
813696
48135
519215
449751
344199
957226
297977
828084
750903
926785
739222
594039
936895
701401
326633
528815
397864
380584
267336
475459
719691
97046
336636
489739
560355
674594
166820
778827
63229
526707
779768
55245
778444
249852
981099
730714
312921
145226
85930
121045
38039
445549
938498
46131
587348
249920
713950
447834
935500
269015
745261
57173
516056
674885
715234
621362
604932
323399
547861
585465
688638
606993
798727
925001
54697
893810
180099
483728
765841
168166
654495
23974
346298
622712
782690
865415
905873
782354
849087
864747
636100
999011
834944
434948
516013
403627
471934
136788
457577
47654
530252
833512
234055
440850
475252
563956
688412
648927
149273
44748
487924
214771
351676
834557
639971
458519
518106
979398
766905
384833
196465
798454
278483
403070
58851
797987
857358
503804
404596
935364
576151
287601
692654
184556
749534
87084
524004
254243
263593
277750
