308259
698773
421540
469007
507713
391667
179422
125958
992861
614926
468235
835323
927456
425742
362912
524173
500931
514229
964251
691645
551214
920048
31285
586510
238386
877264
286883
950469
124256
266642
79432
556816
455108
572762
512314
277251
752193
553343
487407
394045
144010
446655
536580
403369
62075
517779
388713
662752
959890
644190
748653
633580
55884
805055
88162
924520
9696
767494
824557
385795
836946
804482
615980
222307
133366
188984
195908
400358
299394
639921
541894
713731
380686
968171
285373
594575
906666
583599
965398
939228
23772
208578
932844
467580
821044
359989
271600
249059
168782
76055
805682
670058
214692
679755
166862
596976
491597
568244
362613
85659
660758
961356
404567
382652
598396
589524
591850
760017
414915
60134
268506
93539
774389
364454
736205
803280
267002
104023
313617
348899
490961
904970
542821
987871
577513
498033
129441
944155
170398
426705
70786
669319
940755
198806
834198
141836
664680
280832
376000
56786
365400
894139
645673
770075
951922
627277
300548
594764
477618
306281
138619
231884
770428
29344
775803
575749
385076
941943
456473
377544
751740
601811
878047
314445
78475
380945
388215
348312
304614
72434
156339
146422
894142
680756
102199
334119
308007
295996
176580
906454
666224
748334
599137
15939
508835
581727
147816
440577
696666
233762
442794
904667
389308
879295
594880
501842
100691
835394
420847
118082
704331
326191
590903
565090
379402
49107
696952
479658
239654
19317
227586
15119
458503
136492
266487
177706
865755
411210
406815
751543
461871
297718
973128
99896
459761
348631
195544
335353
226303
660844
941681
919663
953003
585145
450943
376506
609870
4060
172193
435786
53381
924862
921073
452125
897677
134629
148978
671718
416631
342757
910549
705866
390727
429238
194856
214275
715119
224993
53276
599847
433187
43477
821745
785155
522969
227030
63488
914849
723359
194901
10084
997161
830296
602074
652102
898148
848404
432350
79492
858139
917899
111285
667582
133406
719990
918632
586492
111137
70539
265057
561727
666496
294675
708543
507171
455523
751849
147082
317421
457596
206865
107456
141367
604013
183026
320974
323765
181639
443122
917338
867107
529966
363244
326781
2061
673176
878992
247118
614650
474996
376856
518489
335414
699751
860195
150831
884155
528945
297392
342807
523963
988334
405496
52322
146125
827961
351975
784540
377585
933547
541561
530207
634434
36225
850798
532417
270839
943451
796905
917165
106837
813537
246763
771407
410869
580800
321894
33001
364077
223250
594305
429955
840670
242332
190887
207359
655770
292913
873292
215050
375408
960243
298110
27311
664277
635449
421347
195590
237040
578125
978773
77193
310849
994508
61975
260102
92207
681776
143666
330097
407342
526955
767472
60433
131594
489257
720244
874523
116306
583544
69812
163356
285923
690948
611541
524175
170384
396091
707490
955470
12331
27727
641192
395045
186355
797722
288752
658499
699290
519963
525209
158282
881841
997086
96210
918597
325554
16890
158642
889081
399978
588852
531956
462804
289985
441473
715282
44995
28455
229097
939324
221727
622941
324807
263925
856647
350365
67373
105227
270473
443943
452068
361201
898809
990954
396561
934906
423268
145163
901043
204532
210463
647380
833288
454303
324344
68540
654351
682761
591118
209231
245417
826503
62461
78970
646681
684818
133553
222197
10282
369787
495900
274189
510128
953740
908098
676429
43750
86589
106225
562888
476471
382288
18319
539718
628504
929417
929099
798665
569746
105997
993589
524666
402269
829526
410602
263669
679016
963473
908392
338670
414582
319509
50624
879230
212066
285311
104809
434190
517955
247342
696432
398942
446826
817816
219149
801523
376200
809927
776594
828443
258285
107508
637501
494430
670571
758334
526828
97091
5721
500807
350960
483259
177843
675052
878393
47982
866719
12318
593969
23265
429898
387298
397094
162561
989937
715809
810975
35407
691580
684460
112207
478183
601028
525457
937703
590894
105589
760146
911750
199575
201551
247496
3148
305619
141191
893844
914828
704723
82442
568189
200800
424123
777057
71659
286678
714980
273199
705599
207623
950798
416280
618061
946760
520481
245820
530231
882554
186206
46305
634599
343805
698791
852911
782760
749121
820455
232852
927842
994300
945439
704776
405296
525240
853646
716842
979936
494532
528636
415241
19462
904714
793892
328000
71869
769793
368380
347257
348859
34681
328802
643154
119888
366419
602020
346780
449339
841491
945836
499456
96873
59790
136839
245116
379147
422525
545872
342859
70867
984116
735357
119331
88586
588908
687941
994328
456465
789564
778861
930206
355442
861415
123886
834603
891746
64398
828357
202299
260693
398278
953559
930413
335742
646468
950654
516427
885858
971765
942196
75239
141784
594475
385243
40480
324319
203313
723814
323268
864475
383103
460648
938831
432942
875081
41463
488594
17071
577010
289788
72367
60618
472222
311770
104641
818548
21092
558713
210904
396617
870563
261806
21346
968259
172972
494537
373349
317081
259932
993594
905128
502258
654733
582880
360114
53828
684707
311984
352554
316622
482049
83134
189789
324270
623582
472363
597662
760543
627826
312364
972104
490707
383050
30642
754335
805481
998971
140667
657493
900427
755443
694581
436648
817191
492075
639050
778152
664776
792184
282252
873943
986128
47425
730879
646953
727956
516235
763197
890922
80852
869744
419146
187007
122006
197615
278005
291012
633437
815132
26151
901525
985611
784952
405259
969192
774992
508507
858970
741335
371982
299854
309889
927484
610123
124789
212722
87350
294930
599017
447108
943368
922598
418788
234632
109023
998500
190869
371561
873076
953140
567892
540607
310152
777643
791792
817200
690124
767233
319587
877891
109347
799722
460647
585347
929279
663123
8801
784396
648872
22522
261308
467509
618075
321322
24913
67865
733647
613522
264834
101764
496723
137345
886374
226231
846483
729153
482590
24473
142713
348749
156870
953658
343855
380335
8840
74244
824899
658235
552906
234368
868004
823650
8455
7938
32777
894323
337339
954803
488689
390004
155768
110329
180229
201497
106966
806789
11673
522911
345672
563320
881105
925384
979209
473714
680928
719347
915124
354553
46124
848535
119923
411459
868494
113180
725904
574689
85557
612886
192295
592520
226218
607262
87292
280700
528941
96463
683497
620059
779967
144986
416496
780419
47481
369735
757935
944737
763482
941065
922289
574103
694494
739388
756448
706697
994569
257725
897753
377029
453507
530022
978264
143308
61789
179172
493266
505281
103665
970551
561314
581101
881896
502918
581019
951405
515094
619933
357628
435641
90047
592964
956161
270225
275261
408253
267478
773381
146873
892313
430374
394018
831959
238263
853266
781300
868206
992858
166718
218429
373876
436966
936965
65328
177465
716279
191500
309738
306314
526558
623476
823342
54390
14201
317161
858779
723565
217198
612952
586925
177411
427524
979517
124460
966804
668510
654106
625332
165634
967956
478531
51490
735962
875951
79894
289688
991957
919553
638473
342190
674682
944223
449756
491893
736033
361021
877933
468969
399250
980068
557354
69938
987211
776338
235297
958039
156320
651630
559539
250816
829757
160038
825959
24678
436423
546151
376218
711769
345505
155640
235156
445613
880203
809652
603959
546946
699876
900066
832657
447535
824848
391538
575824
730059
35828
238742
390549
909463
415262
821115
543521
202315
65474
100963
281708
24508
625503
508641
48980
828902
792449
847088
188850
817628
694047
177007
81097
254665
742948
154813
648664
692386
39371
780013
274959
961130
684387
638758
919902
326625
75762
311194
66024
183242
584182
216097
636374
752664
864839
680305
133192
478836
670808
939708
786663
290349
112860
657958
664598
577725
486725
738146
504327
139252
80807
416744
873898
971588
499515
684629
673023
59880
115904
214239
390413
566385
210108
478450
379819
895022
85665
699884
931131
671223
281674
976754
602807
332630
220708
720877
984675
452115
400234
521701
380194
175899
117128
985272
716453
696332
678241
450614
180478
990879
506860
382684
400019
646963
239289
106988
592237
409266
197266
472421
16752
789858
223996
427236
985637
544394
809693
590999
881395
128318
799543
7705
734509
627594
156946
508976
908932
982967
179064
180063
273757
571581
607834
88359
394110
765573
64080
985505
519457
450904
629630
526385
458731
842090
528466
912104
697078
770429
664553
297144
232523
835060
212625
70292
733867
121077
55849
216932
890892
179769
359525
275490
499681
853619
95918
313748
350354
624602
99366
125670
829003
901525
362825
565539
690736
693442
881391
200912
119214
255331
573230
548325
955245
892966
687900
833897
650018
601552
487922
540841
262400
998021
189132
864660
783566
364342
172684
547830
199380
990887
556063
981455
66735
51804
86807
768079
214788
734944
229432
171761
162321
868849
1422
44337
636191
183499
500859
470187
713684
293583
114831
828242
511525
874192
263120
782601
886760
924155
593113
762913
147591
75488
901854
160560
408720
919457
651725
829578
206570
502965
572432
894559
354531
405082
558511
747057
818980
133205
386131
164784
232646
135143
432677
506931
834813
959310
646293
129621
662002
23092
938551
216170
979375
783352
234631
470877
548276
623832
328525
720487
666406
378936
457244
775662
567527
501137
513012
36664
854657
471481
422343
355338
199547
720970
267353
31073
54222
673586
99456
49036
37746
40599
359179
13924
760401
221861
408575
527466
394589
558965
327356
285563
374077
594395
692351
309490
858466
982476
681153
312218
926008
569066
704060
368334
967737
915310
267789
343920
594331
986353
717685
728066
800298
926423
76857
631460
200176
13848
393066
14698
841104
976108
28159
910681
454706
930387
377950
924223
496984
925822
332281
91628
85711
33693
633813
98320
580354
614214
760294
958706
974249
581375
722263
683851
752094
822824
644901
64765
866640
836808
515051
57971
894544
397426
985400
580630
134025
689491
607772
918120
206541
214171
500098
359745
148234
821062
288631
216676
200155
987910
19017
203326
392507
812879
442442
43706
438868
631550
648116
806979
510965
348327
999654
414103
971811
569978
226765
586053
170118
264080
355550
359107
427332
227608
827071
579374
432043
635673
119237
390110
61768
225571
864792
534117
924757
677782
320051
888485
383758
136590
708808
783819
793444
305002
165312
26028
844939
989240
875040
105018
89006
108030
745799
303906
309890
960807
200212
401350
290168
977801
691044
577746
590092
760143
745529
13437
618235
931464
5814
393950
955729
777354
187782
368424
119584
34884
597021
494276
950157
708192
835031
753866
384132
239249
378428
849627
926475
374462
534501
4829
752692
767754
659704
788884
492077
577344
79566
307290
846193
187032
674742
486203
65057
755624
936595
355183
844589
652458
523168
527220
279596
617830
967188
241608
166860
694716
4961
955840
533283
689744
831318
136648
245028
747090
402916
788536
661805
390248
145981
461198
108156
805307
818776
589454
623938
727515
613969
241907
71696
561744
974254
595536
989934
980542
875325
411848
199115
418228
389400
713574
952334
883985
802763
428058
418122
973459
821388
590673
895441
61565
656104
65328
893919
186532
225791
593516
801463
698391
635238
111240
433356
832745
759658
728940
888021
533021
599284
322847
926083
747820
938952
835745
331215
547637
385447
665256
701612
445250
763349
88565
484892
629874
2805
295953
640543
820105
17616
11753
560070
182672
136884
663811
819109
702506
291705
968092
437222
194869
823583
780512
989178
172377
3027
594501
760875
589616
303824
951749
838094
983378
232675
87286
104980
394236
543815
346183
236735
350492
390766
391449
470001
984827
476001
687095
184415
531271
515198
958772
91685
993916
187233
458592
961076
818735
974814
980006
238566
722167
875818
438981
173042
693816
122457
87785
579323
922893
628225
634918
103875
204945
801726
398288
256188
179850
457423
610617
757119
948659
494942
135816
798486
564517
560477
857330
273587
658913
577484
757080
299524
212348
64215
817981
442206
170920
281243
244194
554198
22234
689737
954112
791727
466333
953059
636898
204909
329395
997668
660380
324872
775075
298044
147435
795004
248100
742841
882027
916669
382436
887553
357743
666760
125621
188604
346560
830997
248789
555662
203509
273129
956888
534018
492396
183495
209652
191362
661858
819206
348329
418435
1525
501950
296651
730429
934707
476060
381165
422424
358174
650390
635948
157346
606207
118648
672533
268605
670243
498652
526132
714774
634870
586487
786682
725519
633467
731920
436490
189695
659366
686925
606944
791375
996566
978918
315422
302725
757106
654394
767285
778525
519327
118848
797100
694739
698011
603542
80208
805630
825913
858037
504568
318102
157561
349254
118260
135702
245315
304717
767506
107261
933824
211971
167244
912430
902806
751683
905873
17655
200254
923610
558574
25390
13315
378945
697497
287287
175129
343270
50586
417955
875671
352934
369623
14451
860498
86488
522618
41658
227864
962947
987585
451808
548742
139951
287585
778371
816134
366105
593880
33975
933481
734592
66446
50222
946589
461916
781799
454707
57099
765422
259816
12432
690704
507314
966915
718992
253141
145074
236480
98719
518733
544948
996170
419277
125386
750804
61396
758321
472253
756460
176614
373930
64072
254255
432776
926913
283393
702549
346697
278442
451782
875440
91564
907626
12536
439390
970096
737490
356950
466007
595003
150889
324726
954278
963106
34280
959265
460277
226136
620318
712524
354177
932144
350644
659567
905068
648592
687563
381188
199281
634292
321217
387550
522930
84444
330067
82532
164013
596820
350556
679208
6477
748318
882556
393192
900381
53181
702420
745312
88407
786208
932717
454409
437595
117162
744696
350386
588795
47642
773488
913594
558323
5340
731228
608743
624118
907691
992752
548775
843491
130913
730579
425504
102614
174812
53308
25462
375963
290767
14389
588185
20478
224354
287938
228423
333758
141831
864155
198629
721824
533019
325780
831478
605151
966900
181597
494453
213120
436493
948646
457557
277700
959883
802331
398355
129207
282027
345101
482996
907238
411403
60016
653985
2285
879825
221185
317787
665006
679932
353792
614492
372958
827717
704411
842380
641657
312561
478123
71388
449366
322870
108183
973187
506133
484039
632470
330707
551028
510
890643
299127
704385
984293
412329
139787
409642
143970
664077
366488
94768
488828
240587
473451
696442
7310
363241
280912
958086
117063
420520
182768
937466
280666
482728
313220
34777
861065
50155
323829
205713
465290
930482
401746
101232
939987
686979
753773
570423
757191
60556
40979
52743
452157
957346
313765
49208
23849
757346
595607
956041
327145
430072
522373
166769
702574
59326
281197
560468
818437
861948
654669
658129
494081
20494
657946
182584
918023
738979
643994
593561
276150
919585
872863
442935
561264
857318
800160
370652
897418
318826
677685
526278
657740
299968
537198
67135
154789
532219
465745
581706
752238
879597
367471
41017
832985
597003
680546
962396
954358
402092
837733
250580
354913
546480
475344
978245
603020
903166
137006
632170
611493
981285
871677
102978
666147
326500
162561
200744
105586
51205
298821
310720
730297
411299
38639
163341
198916
412429
638335
586080
537811
414595
64100
364075
65534
309149
489723
785332
41091
265163
427557
745445
545134
994807
762563
325632
131556
13895
844048
233647
47883
310398
485980
21049
559705
663938
456673
6801
926008
812216
844548
116361
522643
920395
87209
281444
65280
533900
389299
217800
414282
93748
302807
507794
576281
100292
677467
508228
481728
225421
490033
363481
888419
719244
459306
245434
562435
543405
377241
6409
604968
496752
734597
441369
893802
58409
971658
757441
803291
870753
46028
521414
764820
201307
110873
777333
336347
412529
414810
748754
204910
260956
580214
157738
149167
913938
202372
311109
931691
431305
775082
300984
777352
608218
171095
21015
290187
160001
793177
20103
90244
837377
638235
642224
518295
885604
794239
914130
521447
982752
237076
584367
210784
511637
851892
250086
49825
351091
934333
339872
378117
327033
720106
120547
975629
269720
687181
82628
576811
649142
346987
245497
158381
897934
321076
370380
171524
793268
392925
934828
453041
298870
672796
613918
693003
557342
593215
447249
886191
660053
427690
520142
774980
900834
521387
241742
981673
867599
540795
393253
527806
354412
883092
117725
149964
622445
303465
110494
72338
728686
300935
900552
146157
883416
353222
51683
391715
710427
448747
824750
126091
659227
21662
294740
642269
75751
756994
580156
849298
949540
641846
612031
558327
138184
512232
412213
30676
897410
491537
53096
752563
215543
886992
952874
110671
312808
338087
117635
972123
616751
864716
553346
30123
647400
236525
951476
662467
357037
957252
785267
276027
735033
839378
153814
181771
486702
31227
566150
29561
315057
767485
972656
320220
807539
195598
66710
176523
268939
992402
489729
704935
204863
111990
910545
826434
810018
148972
64052
937131
723159
75715
554037
542680
307059
147041
181932
352366
770177
222752
886676
856751
901279
253187
812217
241408
766213
816148
196560
84694
691942
254235
76385
779197
372335
916028
826591
959365
867756
401134
237656
275145
878730
326164
947143
383965
965175
165050
112199
212947
143653
992749
164450
578538
283822
594743
574472
959380
4306
316021
328987
585763
318107
969879
367335
949711
791329
566452
197295
22950
389098
970632
384738
901648
421865
676491
776685
524990
63591
603950
213354
80943
954367
727540
310518
237535
552003
911659
868640
674380
265405
521607
91964
722469
318992
652697
71960
300498
582140
280753
829446
990299
926975
410765
658328
2422
987929
708604
192746
952559
206889
423123
202393
872246
338931
776011
241938
32064
7619
217910
698373
509723
732650
134364
786807
750675
423783
825718
786935
375545
138658
982214
440488
324054
688593
564305
529981
205292
176893
651578
243332
564965
963423
38397
969049
377755
425124
249604
463675
953219
221840
893161
167099
936758
775615
841993
329808
178910
561094
206145
533128
811129
174647
782920
519705
899085
996611
165673
943510
60521
104250
748123
600445
458451
642031
275198
360557
814291
43639
881972
481012
719515
466959
207642
195462
455249
158941
764642
845387
413627
16719
604431
838159
433542
118176
979083
629213
708147
447033
400360
96997
229279
702836
925105
874010
977709
429819
743661
964761
777234
240655
788208
489987
881788
872357
478941
639851
114400
356459
814459
972715
137502
78120
50803
106449
923796
530625
169700
435639
961532
793047
287331
398704
900034
1038
633874
444766
566567
913385
24667
502561
565643
653201
701962
832938
127578
537076
667972
651949
772950
810698
422888
856565
129916
776627
636353
51281
816918
488317
403877
508652
838876
394753
182189
502203
749512
348140
92752
499471
415413
928412
310558
800458
327347
750752
726615
797486
755754
882978
123238
694097
167207
461409
763069
433389
918600
469206
679694
963412
35520
570488
582307
555840
831176
623771
521562
449992
615203
485235
150273
101423
712587
988919
307722
725271
478397
939617
433515
533459
899678
768274
247892
893785
332617
23249
209166
401622
455222
714164
26413
41692
470536
548247
625777
6199
55091
186569
106495
510813
425031
145031
550583
299779
856030
299616
593841
829772
655070
919095
474265
509468
338860
652327
929572
635723
120686
16129
323502
840054
393210
790192
190450
462127
867296
876094
61349
160788
255568
337263
757871
27325
576938
13579
917703
954063
203489
995066
720682
444142
842122
162055
769015
407567
124551
357319
794922
813163
749322
773651
211443
157583
102088
640176
628274
639760
405948
466192
506386
979421
297109
238066
961791
22893
222782
24676
978437
532054
782983
445608
385990
798463
451829
902005
365400
172014
859235
750356
677817
480315
964883
524331
240559
723750
251349
458327
371329
163588
5458
3570
759563
598036
696181
496628
821570
818735
2167
761461
634949
41118
574534
241040
736475
401734
161042
793636
618767
12478
593844
251380
559461
614977
525051
934574
643896
601727
483667
22217
823985
375246
903700
707591
502310
383997
387557
432794
97804
828425
131531
608931
210587
612777
752146
822805
707197
190276
731734
694328
461298
914179
26030
679754
107715
184128
555062
338880
134688
191005
788472
478826
788952
235186
379382
216116
90869
820190
302871
554952
71410
944510
943148
948241
610778
606268
915293
244891
590143
30783
40500
955606
992403
749632
348870
410297
204646
450557
577593
850052
208956
939846
513911
613853
272650
283572
684654
203356
377037
312569
281217
667682
331208
102483
844814
134628
559064
267227
411484
1478
188277
90874
542497
966370
707079
348282
720750
318951
138722
66106
383288
672990
590368
869308
915652
156808
67098
790552
930222
734884
750339
891924
308309
836173
548000
436875
631334
582527
780903
617929
33860
114106
2548
786297
75153
722431
431074
200437
614620
103287
203468
856893
189415
814835
362976
167044
442195
634766
915548
648419
788714
421743
12649
355440
54985
818411
624144
967530
765736
52551
877085
771851
326216
285595
135183
373632
514552
935249
541176
53685
624899
458061
477112
878793
573753
965991
148112
723489
106072
614739
683557
453145
346776
664546
154132
269780
260624
935905
829612
655988
77704
594719
465036
996133
426588
731725
258650
603284
673481
944958
245149
594558
702807
462093
74104
197603
245667
875613
550916
705113
944392
690939
433928
647932
906218
311136
412568
413955
350494
510292
764487
246766
849977
177196
107849
780123
223924
79668
686442
789048
281081
492711
793957
735251
333004
434651
512226
4878
977945
701754
134672
873838
728790
664426
121562
503314
606868
404238
168584
83712
94248
509542
373365
60507
289264
873170
543913
939249
798596
976884
640338
617841
73339
813682
622820
338425
687703
454107
551562
327630
990286
84897
664775
205157
117558
82116
94062
224670
711051
179152
222394
352080
204000
890877
269835
186495
450529
511220
155198
986602
77888
799473
37735
376001
867076
236547
6317
932596
173034
444209
698115
688167
460855
548983
396863
637954
704347
549933
826712
700068
775171
413065
808321
675063
686140
800443
629212
881758
578495
589494
154397
376331
258973
587343
893692
850350
424648
874685
609622
643592
469243
275457
597537
743326
5831
109471
52810
24904
894588
594634
881453
22697
319408
344541
56240
486201
165423
175366
809597
82109
353471
202429
657882
563800
544974
398962
439270
743931
753082
954693
70130
404025
995837
950447
521014
188915
888766
939005
992573
162122
659517
100224
104559
900869
395569
707165
587225
701165
300672
155649
570719
521684
943853
477512
486613
517703
121854
789176
86637
95823
302015
507924
444234
256100
516895
830238
538035
645999
677047
719789
158691
264378
968939
604070
548413
815671
692713
177626
43932
902762
997519
948924
676873
913587
77353
118397
149830
405244
604567
162182
840391
6075
849421
386769
93952
802788
770293
655653
966169
174383
729391
333164
488063
256001
526712
379442
225428
106362
227304
41724
394502
308378
988309
24579
246717
526544
330198
175372
475438
437153
178978
847077
950157
498289
269910
81917
250975
403314
847765
177953
810349
855398
893833
561679
5652
944658
983304
317432
849466
132865
232979
149399
395739
612017
409464
181801
529729
315615
856407
902728
994386
192618
634881
172328
491395
248550
763260
667628
840427
342464
611555
795814
69682
788745
492074
163818
968424
112609
702336
291149
67762
128641
914829
325887
950942
768228
664603
64386
435288
532371
339728
51846
835574
421772
486809
221283
426862
618382
417955
247986
261159
88132
891011
148809
394220
794827
14774
340433
74237
827618
695874
136965
384704
189549
814139
707400
706517
298022
392673
482211
188615
935329
429287
594651
655518
376313
242191
936619
296337
400412
177712
801763
469912
898352
514201
68957
691872
147041
151248
630871
613144
388809
79155
739314
52968
731578
361216
527174
379266
537835
580272
621088
258704
384892
86205
100505
348621
195047
929029
617492
195568
67333
932423
956115
954498
922170
165322
807926
910929
919231
502940
660498
524925
910922
688440
953962
928559
995740
874497
184909
7146
24295
50539
693516
332793
924377
811961
351765
50952
733321
141280
805936
8271
840829
697355
594454
344745
660054
129848
223209
27459
781337
762111
801557
497135
478106
473011
216577
744152
956423
969761
635761
675984
985550
932726
543227
915654
180140
467581
456163
604499
480083
376453
951510
476403
485815
400416
654784
526929
918134
251016
109130
339130
377506
508893
750835
34804
34220
664778
440714
797288
211502
513733
193541
555194
353940
508340
657921
622585
247784
745645
936215
765874
820730
825494
46935
170655
604520
790379
213156
716093
769167
872158
905068
512955
283214
408153
987970
407118
842675
205663
84761
89569
341317
634960
6303
442154
270766
201483
619443
548184
446530
331246
799109
777384
34736
487609
976585
586647
204932
469520
528664
195378
778390
924959
228387
325001
864979
704600
85140
663874
35621
403543
57347
429769
347522
984743
142353
615589
857678
233182
445797
681638
43310
781155
779841
846075
90027
737360
999488
723104
154622
465458
184238
431476
915966
3565
621059
186728
817187
921469
577278
561620
412534
460439
209947
889828
880919
251566
185136
648559
833002
518033
403306
110376
295967
444785
917662
821613
74013
733057
232590
916541
941643
25526
541819
373447
668923
133678
219106
428701
666931
504621
454740
461447
713688
98434
315125
839220
98233
958280
856785
628556
911029
741192
743318
172128
949835
234172
822130
429315
552188
793774
366666
929010
320799
368575
711571
611310
257921
978436
570321
821867
374198
88459
863658
234592
692096
90555
435750
750463
438683
349273
993926
206399
497187
677671
843645
395348
249635
370343
370575
87553
530683
486845
931525
423171
266989
175666
998986
750702
733380
288341
956582
790806
351009
190908
396052
557924
693027
20200
976065
33928
865970
240262
257828
699405
329705
142930
790900
904392
143134
978710
866251
313002
248270
363856
663061
690421
395690
619954
800628
614603
78328
271619
315380
479010
641320
628323
587622
733588
417524
749291
992923
323667
579122
794547
164095
441594
253625
218477
367567
613054
679982
693550
405880
226627
219498
825357
615822
249995
494281
553700
912357
177481
125202
110516
600528
506132
68926
810405
972596
513015
291623
180394
156167
145381
254158
876355
141034
90058
457673
108764
545377
366524
471495
627859
93419
712912
41857
568663
148482
217481
233088
718123
351601
391916
544773
45194
872909
446447
480728
173285
895313
765199
954160
374728
198106
35393
656507
781594
645947
407296
523340
789443
285310
322629
443743
221480
816056
549013
905033
295186
818376
962548
889152
626732
690220
67767
747140
87211
797695
97399
441642
107080
395219
214754
481091
735209
717799
590827
398701
578398
310085
385249
609781
221510
876603
961374
716968
618130
644403
187158
929589
419105
599857
634191
700672
85963
123433
290991
658629
686138
740795
18417
24871
988913
234124
122354
113941
676208
637954
519848
905303
276016
854107
165425
777979
905865
615083
621193
342
371636
82352
186838
175033
519210
495379
975198
332274
225771
827326
960408
541564
91162
402580
696288
635588
161349
644050
936835
77592
358339
82048
524986
686638
603511
417747
693172
803535
69169
471458
761612
440094
132019
490179
620378
59081
373840
986754
906021
938251
232944
470653
118838
206299
182193
599903
693384
897268
630760
570167
856987
327362
844549
675124
153831
270694
198548
980095
808302
546982
59296
680693
818026
819444
660786
455424
710054
766425
706295
362769
495977
303934
594367
368060
663820
69911
577698
421871
193517
989677
547581
314192
946748
476614
903002
461043
162675
862066
856942
939381
200674
8949
921147
739575
103016
146508
891478
689850
340478
748574
866179
952404
638445
101377
592060
49229
172832
450533
983120
632025
210516
114913
504617
476657
676459
268120
682214
727056
716704
757191
643238
299719
416597
262958
247462
292669
979657
241177
352130
939591
515109
180490
482840
652640
695157
772229
726410
240517
657140
930360
979553
444271
161728
415108
715343
946798
919404
938540
32973
863071
70452
453913
578403
788426
533963
171207
628230
40922
15953
677264
920411
3129
942753
344787
440282
329160
779078
394113
391181
876984
44621
405252
85688
28872
973429
50892
781331
125915
890755
283254
702515
160949
666546
33691
319367
260178
469960
461619
891453
22307
313156
141861
653252
598950
215348
234348
693357
675168
940962
370407
574827
559610
911342
562749
645561
908534
780087
633386
954138
165644
188979
810539
175484
615781
682015
172738
703094
966323
539280
104231
458864
300651
527783
215371
981858
955488
599394
402633
85301
812285
674384
972716
748165
330335
491165
203287
604040
502797
