782056
235591
325338
215427
578930
733059
607540
1815
634764
10356
800645
493421
259824
485339
709573
481785
706524
625319
305435
341561
58643
415279
404730
264642
4490
332060
90647
102965
599734
339812
984198
510865
114607
744241
389232
200418
147009
129248
946163
139608
784656
53668
484566
405106
416549
921995
720104
105689
4761
732505
171060
631689
802140
126352
435490
956266
324643
635217
329837
72253
83308
870812
476540
575986
14511
43892
933856
472022
733091
17310
191721
999273
344937
92679
321637
321549
102873
673605
623286
71643
410088
185398
814863
653840
228403
266117
373067
674789
64746
185227
532074
62780
624987
22737
934248
893302
328858
136628
666619
893857
260427
629410
504362
11215
949580
633024
944389
402562
446657
349998
564165
623747
581181
975714
873856
365906
715081
1713
673672
263223
824341
229612
413730
851255
966841
336615
33054
226018
679782
567253
963480
787145
500333
572815
644041
370894
902955
623475
716106
129811
483857
2217
674343
125076
275916
129857
683036
250321
288405
303352
938735
170275
934487
570906
440105
377392
506167
68993
265970
873338
666949
666171
453704
554705
805055
595594
83996
685481
111420
496708
353737
202566
265276
77019
689393
609684
590793
912887
902454
815891
162761
390975
162322
147375
452963
750071
677396
284269
588492
852356
463160
523266
419309
568138
801121
77822
827571
182390
151157
156709
123186
708823
88085
125406
29431
735015
868600
986117
871465
97512
211683
645275
589082
594474
974535
967261
164464
90153
340278
956146
574058
237267
739779
660541
812753
716006
5430
980627
963262
565496
451689
237958
527746
977297
841475
647968
339957
19570
311694
568876
94686
138041
846198
893486
845052
787548
942816
455026
170991
400467
940452
762881
903302
276306
6057
689777
4326
205748
899996
85588
262163
533299
905229
958352
234654
534036
8102
184079
805483
225824
774152
195980
535838
540172
782915
684878
436002
686074
65458
508018
69013
795736
777969
769120
1235
309862
617917
933856
730462
2006
169702
285573
63079
137676
678707
106631
406203
396997
833618
893615
378509
669524
781370
641771
522332
586694
800351
928449
699265
269159
773969
879136
233175
822942
902706
297234
697159
408179
262802
478351
758254
125745
147049
221483
614638
780519
114416
114734
556878
885832
652124
547524
524175
688690
110584
197579
276364
611852
638877
129738
292172
32008
996817
79810
555944
284872
385914
889628
934227
47964
698621
923905
780619
614314
513848
245641
901851
68391
8600
317515
339402
508929
467671
55571
196964
365215
833301
580337
458018
376896
970194
555630
828792
328768
379206
948250
326524
691513
290845
575745
543406
830790
211538
304764
850024
969955
297511
125347
943267
628080
15102
330400
595683
578132
295064
424415
40128
773630
45607
845537
732307
314439
114065
944816
334905
128948
15172
853741
278279
924503
175472
152901
241866
17812
894182
529730
223417
962497
387403
228413
391738
690279
915896
450353
996237
776614
296114
731244
942105
720885
675329
307999
134673
939398
949807
22100
269955
863815
368414
49854
899325
209285
941446
91948
695772
622635
159051
87384
941938
756969
665911
801692
442259
117808
787737
527620
493564
519833
740601
76798
815649
562341
75190
852526
878674
612383
156799
558366
498057
104606
123690
729107
722322
136807
280564
136635
938327
255087
523286
77506
43847
75261
823104
796995
690595
685614
297332
475227
331301
557074
795394
4890
184909
90548
529308
252371
929417
18744
551637
662464
847068
259642
226542
328379
509281
722189
462388
688688
39491
144986
153923
741165
68259
687993
790006
168157
354374
761823
700219
867322
980534
40160
548483
158736
885766
192837
41106
149994
418291
819717
410038
738011
209574
601252
244884
133930
817238
572517
947038
640603
349259
729005
695456
164118
287421
792438
348474
523895
246811
305068
74536
50737
89447
876648
611453
950303
321022
395910
97967
115561
610678
376165
199883
241743
639456
110074
941193
637013
442540
774929
197178
37451
485164
53474
437342
422136
752369
451660
140562
669859
650321
491824
56550
32957
465547
180909
493261
979182
28929
348019
564589
500410
351331
39430
984343
785040
81965
523281
551440
799343
525382
662180
457550
798773
333449
898508
879806
43334
765089
946574
459778
639189
173262
730688
672377
79826
968964
234627
265654
3376
924914
304800
344402
165394
705056
866942
194524
251217
206513
795901
647663
404140
139016
244147
890525
547661
353159
693761
509959
887156
303795
968017
842894
489538
992947
383854
647844
68772
559927
62911
292284
735706
855734
455393
900704
752931
46415
803424
100576
732871
497425
539026
612904
680577
997654
772945
320363
862598
543306
888275
997052
180790
999882
515624
300667
837150
740967
612943
14700
287016
393737
469428
116707
620960
124528
468426
800924
178595
448726
105729
756711
741862
918321
483236
232384
191392
570196
843603
184060
240853
837365
268120
37536
930625
858057
993191
27084
18141
931148
898934
736661
782096
741533
445303
976944
450229
771973
144111
814281
852293
687128
802356
655411
15521
957364
134215
469755
85247
661734
419275
528725
220910
830445
734690
755256
941127
526870
856803
270469
684210
57542
814521
456866
111570
831510
275355
172070
717774
217624
724963
984557
443197
662968
158414
505610
726317
860606
969935
875932
226704
433584
712144
215545
52932
548245
227014
169672
274174
312404
8495
650411
770834
751418
921515
134361
546913
385114
148916
604425
880479
559246
410748
609098
956031
958620
724322
752752
738686
82677
699216
601256
978377
891095
54259
686637
691788
32337
72024
866387
766745
676966
128224
603841
318128
640971
986080
801980
643889
106379
304471
141150
778075
879499
884876
774693
187584
748199
161028
255527
203911
409210
94557
752803
540573
842685
722186
356723
338106
934535
380716
121247
21772
30002
784073
407755
17026
655582
319019
860432
979702
317199
744279
602279
857847
596146
175849
799681
43634
387773
747081
122741
365693
976499
984460
60689
844993
744903
588073
698513
720129
476632
552149
226734
842891
69403
997118
232973
320697
581847
368481
330264
478628
225609
31881
117226
756327
335975
948389
618468
301515
910530
276676
870365
540244
348420
754607
634806
489575
567769
757219
854795
407254
288427
561705
853701
371274
800581
649940
225484
215884
162265
986775
221786
584304
627421
45120
205931
652766
917647
195029
203088
200382
586969
541449
509795
856127
457873
943131
965141
358213
546135
679244
911523
995181
774625
618811
484583
986494
622292
186270
200587
428653
347592
433247
862872
987788
273582
459217
548524
299729
858254
259277
894474
411711
906408
654189
636172
750387
638204
508260
365363
85389
434982
598585
861151
257337
360033
994462
980058
360409
188332
285105
397326
969937
59145
116686
762967
169582
350754
21839
577779
505332
276231
357345
770774
419266
270674
505348
866139
609956
68204
477471
437972
401909
748840
511293
514370
69807
551053
152808
766240
20369
754225
342304
780314
17387
686528
459320
82139
981065
947740
689038
276420
808954
677726
431461
376312
762940
978299
126881
341076
202053
307075
465246
172028
227440
308930
977516
814672
400643
588041
666987
57214
320153
299783
795840
336434
202416
578960
533041
538216
654353
184192
36835
150049
928728
877689
854573
487603
692063
822791
574424
481659
315275
112165
957877
356783
546034
388889
407579
905102
105384
397626
922684
149048
18341
169362
356643
82458
619092
722974
464397
337217
720762
259762
919201
215632
533313
320761
211916
854477
617185
275738
331261
356949
91562
961143
15930
398960
322800
233615
818206
728639
270611
521411
24176
363602
846185
906230
599456
969430
819979
995469
317472
287147
357689
845398
532508
322196
301803
184068
705048
912840
69429
22360
616165
402917
150613
889628
227392
37700
327452
111306
317063
380775
265591
926409
37145
96527
937626
284503
942920
981611
631944
21378
39869
706154
807616
264272
693673
650609
275207
683582
730852
858088
392911
663653
762084
42927
372481
451513
45787
561263
293356
189548
384492
832203
374665
275504
499404
384244
59498
888025
407922
681244
213631
155744
723066
63106
512965
498500
8412
578284
463372
907658
148419
853683
493795
320038
564109
337528
407202
478386
960734
241524
918035
428251
138273
698029
752189
530587
653916
124165
991311
821408
830575
915181
129126
37708
474921
510646
970235
501846
187783
173896
743468
108877
106442
51307
773349
819837
83828
987139
6123
543402
922654
884697
970245
492857
428281
566420
925511
179246
15135
330246
770620
680592
369813
32738
114223
817961
606560
568908
267286
436330
385664
24329
628380
621163
525774
197141
117642
887375
521069
847700
400401
740614
796144
83488
663670
4524
12296
86337
907930
565198
141288
74490
87973
975693
469623
618240
826191
892700
366001
185350
725450
600356
684507
691635
614095
784262
371425
598773
103940
785088
443917
250159
148359
488873
387622
69134
744730
777878
979939
516601
670379
5791
772682
914727
31102
911484
632234
414666
318841
860104
633329
527017
453708
731688
405803
182091
658619
460805
834456
194575
812809
86068
184232
963737
382850
363767
18005
781223
43238
559261
872221
550401
26861
431492
77851
975631
527739
620159
998785
631172
17442
532370
515444
567160
327822
263578
699652
718228
10961
11658
401415
434663
242444
351568
42385
832213
658294
339670
349521
537390
737164
654436
271243
633821
911317
877858
429229
97783
523217
137275
420817
23475
869886
457694
451406
887929
881542
661406
89851
784595
269768
929273
350018
715264
845057
357174
657500
119399
197719
92519
495918
855401
982146
540430
961600
43471
650007
983132
639510
90914
52914
928085
273837
292698
481344
275791
250067
924590
237223
294232
101859
960138
857426
896631
66972
820895
247260
354763
670558
560340
59608
745425
550336
5914
320507
915905
333008
425437
978151
207511
243880
604246
369620
222447
761705
289789
523293
968905
121943
778652
883109
66733
395345
377151
43940
471464
955563
207368
576146
850420
618410
539935
900974
511477
945627
619526
971371
702944
740176
93322
731960
352374
857400
486549
449386
736622
446746
22049
544265
299185
610670
537927
391924
808063
495960
515893
131569
326895
903746
874366
420309
320019
87956
977292
176588
73722
552467
991792
900294
3727
12691
918426
572351
441438
447450
410468
748520
301751
787027
46984
87671
370475
35051
583730
731400
617331
64396
756593
894894
921136
54580
627911
880219
55246
970417
951967
738215
84353
740731
89694
671872
41329
529710
266450
580271
679858
746722
888455
240963
362860
899369
537464
695004
311066
863396
19491
803541
900590
699266
652661
443279
403473
39062
866981
802583
914567
721044
905117
968115
982833
662313
608914
729038
440940
26420
140788
367357
644439
97636
69313
510573
933619
813167
766901
732460
466403
598443
602844
59472
364434
342669
895879
273351
367539
609405
276381
136765
720996
620818
164297
443364
64044
948143
281617
840867
109667
677881
437767
345629
584497
339188
959064
999900
807150
982649
396545
553882
327209
12822
119266
88300
701124
219586
199019
64011
259132
603899
11058
926145
466695
396414
10471
421869
734550
692066
300447
9778
489466
136658
310348
741442
19235
256037
389710
19522
288003
773596
986594
552539
483920
444151
873656
503581
746665
732788
674211
923087
860240
312229
401130
356119
778838
972973
552315
990018
953492
299863
345855
579953
728789
44050
578377
703073
216849
37325
928680
462933
278292
692139
440219
98274
218430
506083
237924
418263
297699
120503
226869
729351
165970
368591
17543
567860
643251
199602
724490
515673
508746
141472
893175
805140
390872
880654
476225
87150
297184
617854
536169
961864
623367
588027
671409
650917
122132
826286
120296
282638
434072
389728
961700
893478
501223
849037
807502
463306
938372
995105
929687
697380
26779
35666
573961
68621
564391
323225
767096
985884
954484
356046
614103
452816
622335
698079
623974
438933
514809
36844
39689
212662
16554
659458
22517
377888
546610
929331
623235
759567
645227
15503
517223
500696
39787
152385
653562
46225
347238
71687
129331
220576
450864
365327
417460
994719
601887
435179
63424
379753
275343
53233
736267
197636
559423
99698
574954
455659
440600
812437
755114
583606
867726
839887
741884
141672
564511
616704
824589
619605
510649
371757
170996
772142
680824
149590
759109
768875
171341
762740
203651
336403
375162
958545
256242
863659
539833
411203
92169
310073
954429
667462
890822
283635
692496
612661
559324
506505
123867
14117
18504
150796
340228
785694
487553
563449
892018
88311
593358
846374
606380
249293
204593
230280
437983
692640
605569
469279
787710
482762
267093
922302
677828
838236
176988
748090
113749
720470
614282
36591
731202
277315
336877
56106
108267
175023
896862
211382
771391
29510
409362
334022
364959
28683
308496
104700
584033
862897
426941
685844
25009
262169
907539
636208
793873
579689
994288
974016
477568
892805
771019
631501
480889
827117
844161
675875
951890
153395
331726
196121
893253
379543
437847
607870
280972
734721
10659
848354
653413
745434
245674
897470
871029
680839
810694
240193
831945
96579
965830
241143
925815
337303
451042
468312
905315
62201
283912
25323
153566
980351
197204
320277
598120
751678
380255
925250
341014
628867
352431
967663
230287
734957
91724
351121
480752
628581
620466
79013
9807
528252
260770
888213
875805
847775
676563
322500
69029
717433
74758
324918
474609
957926
130743
814175
946059
13391
173231
673479
622561
251430
117878
568086
627970
76287
403174
957121
361797
883914
213275
133585
135560
268457
451335
662285
983254
463282
175970
419652
396578
87362
426046
764665
825648
555580
514488
83819
806483
539613
439051
29759
364305
298493
865278
769868
93090
273445
175038
678147
46423
774407
583046
810617
66008
812958
730490
382867
140998
936419
293140
141581
204799
889385
86069
276839
957375
750550
37597
588652
153252
799294
905974
741408
230602
473309
149706
332741
3348
296753
454934
313930
7564
178098
672886
987665
45026
295023
297471
15515
993681
14278
991467
812307
517855
286400
857135
993587
586371
482055
461673
9175
12576
664260
63605
251868
93616
177881
711263
427636
349756
369400
469618
227274
142471
320350
287727
480588
925387
679536
940442
576602
906459
332400
661742
920201
70375
418332
96048
404
992158
804579
854432
348127
648942
985989
820876
496105
624039
15494
338048
355727
114365
552014
229208
563895
722412
330016
953654
119263
492598
579573
852430
480258
613192
572340
959326
289188
560635
511377
465083
487035
532981
736767
157319
485050
338416
960083
268223
525434
817747
231543
629361
996231
416124
37511
278602
348165
40799
205515
694669
729342
770312
698897
193440
167433
89724
42919
477889
300567
608189
143282
864598
743325
600109
293038
188641
599002
798218
856771
540498
899844
847384
416256
15414
299667
650332
596790
214030
523625
109124
442100
566842
434844
74916
995034
787732
307938
302875
132636
1498
482136
543316
988245
936259
323567
72616
178117
431602
561011
399905
244777
751368
713529
947994
760182
160916
379045
330818
251057
608422
65621
306047
69037
848257
56110
724655
919202
632686
604737
151817
931047
495149
147929
770082
750541
780615
670243
727052
598871
225151
96570
907993
908249
577510
551439
464061
440748
527054
260978
23825
774859
571094
293439
819572
962445
502692
57511
759564
827775
608242
269338
605290
270365
739071
536078
26635
610477
310693
4399
16763
902585
903242
81379
67605
544487
848880
562680
512357
561590
964520
587565
788398
131415
167204
385370
976967
404518
946281
525116
283232
19651
285347
132129
776482
125329
250514
317420
219125
310027
303587
577286
387867
267134
140698
541730
586745
220135
305130
334122
387958
837417
432231
625355
839292
451242
602322
675034
269660
565580
55188
145057
233614
10563
131206
874763
579285
276696
202157
151271
120129
718073
473603
123228
997582
54074
410992
690026
680170
706284
939864
560728
906196
733528
583565
708736
847200
426713
685029
921715
847639
134419
829095
859018
808379
269780
813535
315722
838568
169477
758801
775475
255189
166156
374218
771877
420154
958914
552529
861168
328012
343116
831165
934326
651300
899928
707232
859583
101757
700854
538273
41817
741532
420496
361128
775146
319306
357256
738098
14164
916413
518444
894340
881987
457621
133016
321596
194390
787842
791593
414146
255143
612354
496025
756190
731001
579208
27388
404836
455805
671608
573974
170506
363393
456079
604439
143450
468662
766624
941428
332418
796124
374137
722850
561609
690252
774948
248689
48796
594529
337737
792516
256263
260356
964785
926825
161215
780435
43429
481753
655771
592494
780085
933453
713827
563806
356692
878650
483073
21537
195233
119339
46420
500886
666624
864891
375204
338817
494567
163755
446959
999100
524469
905830
616802
550459
197564
854542
948451
101178
142367
974658
651531
393861
563479
370543
587313
941155
460112
383376
288352
418032
911747
517484
460406
290679
99145
130841
811224
488321
705434
102586
426010
924265
941091
416409
180160
158344
833181
232784
303393
71451
332619
886519
115895
306562
422224
196536
754374
920037
418410
624832
64743
455729
282575
485134
388209
31104
723874
452141
327298
258071
898834
725566
769903
770312
143120
110191
3590
554040
286378
169992
788348
731323
433353
698148
134392
348123
228995
754492
217210
498616
966622
851359
482026
311049
882402
958
99449
562689
512474
626787
719670
136652
373159
53186
81775
246776
232000
46056
608001
529073
55241
951120
133631
824485
756815
481685
272763
12806
637854
89665
404276
183853
74880
87043
624540
557532
479826
159231
738564
862492
243140
570112
759334
386053
469548
644873
696975
446812
367624
320521
602727
249238
406862
384684
791454
338811
972658
772622
949813
729318
237556
830218
614758
309225
899618
3761
602097
680973
855217
802646
256325
716406
972340
592518
499143
869221
282935
956694
528257
23832
35323
906516
809002
338060
88717
965151
554446
257891
789573
167315
216346
724000
486232
451420
33734
884622
224283
610028
197983
235457
94933
683335
812720
199540
153663
745275
49996
102737
569050
568238
403451
121232
306989
278672
870463
867831
974554
176431
720065
468927
193884
496680
128093
868055
575071
470267
563719
298689
641404
954616
4760
784731
347920
49942
592761
734520
336952
937443
825898
301357
356522
74773
502768
897256
121395
761534
346265
6906
76297
830686
22509
733941
113548
321810
974771
2032
966110
954283
437468
297895
173851
620250
233745
174527
819255
820807
482708
58216
680115
663872
803477
32348
5884
974
742612
295620
423648
407972
577709
966969
794605
413233
910405
760423
856936
329812
361807
544782
280551
955503
837500
402402
11660
454869
299709
8467
324190
52381
577462
864487
786501
438936
734016
149122
555426
59807
487963
574792
258441
84165
102895
443033
920988
175339
395773
80571
460677
338995
50087
30614
148623
415245
911320
500568
753441
896749
242769
585720
595481
542813
195537
675480
93313
972142
369952
916420
448561
465674
949625
886808
820545
84773
877586
869758
943976
167698
412297
833747
426742
884146
844589
479979
508074
739335
826085
912939
796081
347878
958209
427797
634876
279819
561691
199649
265468
435014
545769
931142
966269
880148
106275
294616
328284
503753
527755
301323
172262
538152
614045
939285
754127
378453
659285
567538
995020
746017
120856
667585
130893
977669
649024
750732
817882
958314
676999
74917
944265
502565
404175
169323
688218
26432
213259
191788
468719
69939
859278
395044
449323
188338
781614
656164
941541
175648
951060
721870
38153
767969
196387
663165
869835
993165
537347
173569
42697
793280
693065
294791
697725
518734
927621
443224
109915
99924
836199
258872
182157
738281
432014
149358
430281
276340
185071
500324
251979
986775
591518
571620
176116
257801
488060
657794
629119
52162
576574
757785
116060
565903
88149
503277
325739
371013
615103
853744
739478
520466
569450
756704
338507
327599
907392
327309
770389
627314
874452
163320
399254
66367
558759
708823
286046
874454
531190
159228
495657
611684
250295
150566
866844
765664
456378
654311
70799
947955
718359
834078
193279
148552
872712
498236
848584
976728
405476
973859
761199
672337
108742
529113
655131
321762
896780
664552
836964
318117
438011
348694
723204
788224
813372
474667
19996
319698
848134
461166
33619
494387
263174
660639
280245
502292
368948
812919
481289
437336
154310
155440
414106
366193
269480
839216
888132
431591
170009
349663
29406
816247
957922
969369
608516
709144
4595
643967
391999
132633
761307
179432
489363
210469
847907
566006
964582
370601
928328
879811
178504
278540
357460
895865
439331
806813
297304
116928
897280
726219
197960
24339
26035
57869
694067
608620
785317
241314
354397
397854
359100
174066
191931
263489
85737
278932
925386
656071
436493
818345
308108
934573
699913
275685
958944
46222
428960
263534
170748
898385
762507
786588
234186
955587
732058
648993
597725
508479
63106
593730
280591
181066
562247
429251
691192
947515
531847
979873
323725
546199
566752
313529
180882
406523
671615
931462
395453
602098
813766
616520
128937
679911
472985
975615
678451
449076
939846
684886
737973
813016
902222
115485
152349
615560
89492
56303
792681
617820
53089
678963
111041
540138
13202
45437
6064
633392
961055
353428
232641
967274
175752
625231
157042
85956
542750
349144
259287
779754
197035
527442
121102
192827
261183
953047
243355
649435
623448
757658
312544
56167
241517
233324
755194
213124
765975
989850
360442
399632
537244
228211
402814
628922
122714
856487
535276
265646
939725
985482
410314
584360
236349
419256
554877
270634
391315
176605
193865
383749
863720
651633
745121
437020
294640
992076
500200
861219
762162
448003
103008
686252
677445
263049
289830
286576
711988
587818
575080
161754
115770
127904
564660
248624
920044
144725
317163
621530
529078
609590
702420
64209
674301
423216
911821
610085
636836
235467
129692
619626
170667
341535
513315
192960
573745
953910
264882
631358
231706
497408
516150
554299
149835
724973
504848
616952
103442
261803
89921
488621
769059
541948
754753
81327
610365
795250
797295
677242
831916
531914
980130
955361
459623
821731
610333
747279
222041
447769
269153
433977
800509
254467
26525
415394
19234
98821
599681
206602
674254
692050
105776
694772
995199
732673
549972
719379
107212
125515
17035
285392
630251
155295
880446
791546
736139
948066
693779
29195
468257
446790
437560
770899
794177
737286
575200
538500
899426
960507
900555
887129
264324
642654
991037
25059
244397
870619
437072
652273
736206
311310
179813
675995
656325
262748
751862
546155
668604
808945
958023
985577
755118
519569
932347
285186
579594
377693
674627
91668
314544
447461
301233
224729
779672
511268
748971
738733
934674
756444
871419
845629
617000
333903
212226
338254
96351
157591
127629
560935
689053
421859
757056
622301
88932
22030
585902
851833
872572
474141
936779
803783
555887
828437
510713
923134
279086
479927
490366
659463
587793
688793
859223
384683
640060
66594
745253
356638
479325
548194
759750
313314
310481
361868
14079
217050
953510
740625
615061
327276
64315
573913
742011
585233
450308
9952
565733
369340
551146
969836
826810
975396
722767
58151
279017
551600
332527
891997
886419
998334
802786
577362
858278
956881
39294
441985
739593
432981
553305
901549
566963
615439
291052
535462
484567
841189
573138
167771
944890
993287
59184
306390
79844
490873
145712
981400
854644
24831
632485
484817
923150
962340
268371
167804
966640
161190
147974
285397
563299
754945
69088
353208
623821
595926
119473
627159
816419
350136
680190
179864
26171
183316
682788
696009
120127
457146
894230
627713
423486
131660
855619
338452
993500
548353
878419
236210
633066
378263
526543
367836
152465
957395
308256
114692
270055
590774
909935
306177
16804
736894
133356
602668
858670
499221
409003
609434
604240
371099
643560
781365
241737
804555
341355
38841
688065
774732
576966
739785
972758
663126
361532
304619
931541
992959
753212
548455
351045
307809
181002
582839
392796
125354
577983
612331
630549
22848
140199
280604
292441
967439
218184
801546
715738
205168
69378
798485
488447
899895
964370
525972
706041
149977
828336
385814
204597
618360
69785
513459
298026
387981
266215
548749
707474
738545
613851
423848
516597
489928
517053
259171
796768
982666
663322
80723
235765
823215
308461
254075
365852
670775
745624
596393
538199
598739
676497
774320
644404
186291
464666
593469
908123
298477
37608
875928
704519
711111
103461
511673
705682
912289
923601
529540
893736
759682
258372
801891
239646
406525
752014
909823
52699
713087
464895
10459
949876
851960
442818
174093
700694
592868
568292
756761
323228
895221
790643
675947
725825
45343
539329
569841
742383
693888
540104
520019
300086
173225
704679
128976
993304
784205
202314
426166
441665
164997
973737
464829
459987
107389
812135
553729
342368
391039
101338
607323
400497
396570
228586
682907
327427
485294
212114
626403
728401
139095
316356
521891
365964
683380
287977
310572
633832
651795
159686
70515
304912
132474
22010
767269
684730
519124
253092
660321
588052
543223
648417
616535
928862
830158
157363
312763
472081
181608
692477
831973
674621
840348
319850
220616
492784
357078
535278
602381
315026
602371
672932
464331
558990
191829
295063
84453
418155
65395
285212
555969
115897
372608
600924
946336
204454
119879
214448
177311
334640
339840
662821
664201
196597
752385
324511
120598
272294
599428
559001
233797
262618
635985
833098
41297
817214
812040
410083
182291
476139
326669
570037
977268
47248
670032
272496
703820
837582
580599
340935
794652
36899
12331
775343
479332
491517
335164
774277
892770
801264
624114
313807
95081
833859
980465
724698
252762
69477
340616
391427
694913
78269
915926
568146
233806
227807
385049
281729
721902
147546
340436
353050
787013
158766
488028
532926
159563
625883
30528
634434
739648
462676
797139
958899
985037
937746
390552
954874
633
551430
811144
235931
615108
91238
15490
471191
511395
297129
152464
911282
483993
11022
14161
642383
438575
80789
276809
908919
205584
490193
356610
839800
879427
718997
752348
263850
95621
106764
725688
992845
817538
322853
928829
277326
264368
613931
337093
765224
485384
706546
272232
832359
411234
494509
140643
459208
93485
4893
659044
571517
114248
162468
205172
408653
563903
241144
216769
54487
573413
798450
940743
414326
339850
68102
845019
706048
902617
71181
319316
134441
534929
41791
524822
805573
777374
973052
707900
4395
881171
584457
444129
3637
44806
455128
822091
88099
117321
343871
705845
636895
768960
446603
518904
178267
913508
442222
11605
920855
333907
132883
264609
930814
300049
261330
505358
812592
117023
320447
769234
457243
379958
938269
163445
587138
57696
321648
572540
468960
639860
626032
510253
457701
79340
676889
670335
906655
525412
286304
471584
519476
249905
560000
648290
369676
610716
304817
793219
33355
65338
298298
401687
811900
91625
470046
21332
419017
641897
995634
225786
410086
19476
786446
905437
513550
60348
788450
554768
680294
933023
872160
680432
637437
503945
941335
367114
971061
471303
617248
575018
319483
469059
820337
337345
715121
788865
6415
829554
575597
978357
891552
90105
768667
837310
291806
620024
160382
1091
883560
720800
837651
86825
434482
149176
860502
573806
422621
225229
727006
351653
847010
619383
62307
183694
160871
453315
14496
320849
675060
601666
174099
812119
786943
314477
956322
483333
769251
821299
573784
833622
812335
569121
806028
718292
863131
298157
1634
987763
711894
327007
318379
500810
270330
737821
426280
142063
874977
385489
471532
579117
199441
261689
784095
642276
380755
746058
350238
649214
152865
516162
641856
21322
765501
614217
484852
253430
35742
550723
549702
37485
495429
609141
253888
632779
193391
662801
107821
854265
564707
582752
538041
536042
417323
398218
832564
36977
518687
216069
497397
31420
424028
632664
123611
716913
551380
188235
530479
826403
375871
88557
433637
839729
940656
992193
993217
20475
531778
182982
426839
466434
102321
386850
330091
58075
183173
132842
97206
749904
180200
799697
141130
927892
949081
517034
461901
513696
200825
394267
258529
233198
633219
428704
327524
684881
380697
991545
443283
125231
145593
473650
394633
734557
117774
101773
730662
562645
527075
615757
905931
896406
910514
889953
138881
110360
116507
78572
639865
884651
674608
665325
62190
952683
209517
113168
401958
767010
987781
496848
53080
503674
508503
4423
114472
171549
263360
605139
559054
97003
99401
602983
875540
512855
818049
958123
620542
459423
669542
866385
593795
665702
931453
958262
219130
525935
935425
220208
714448
266168
406264
10874
634485
250161
779616
674873
256663
625751
487881
916394
548871
228018
551868
660779
