27948
708887
883182
307373
789517
873139
7135
467985
641478
103952
749842
852499
996996
154787
425224
191625
616801
969489
3083
355603
986785
307784
654972
654917
890648
94136
869832
629740
454058
599474
353593
141951
194155
415195
225385
650852
978916
397388
884305
412763
208119
531978
994943
29579
817306
459229
853158
334951
183807
171215
388239
45949
580884
216835
634542
24091
239526
299631
236559
889438
423201
303351
176879
245912
903090
984423
819175
798045
249997
77581
7427
2539
704906
689137
116337
626483
198570
93234
895125
683912
422584
931967
918010
738851
563467
701358
854178
511248
321192
124
606782
173625
712324
511330
1145
720717
946854
847120
12334
871693
322539
641097
507195
163315
563748
115418
818541
157439
118810
502392
33114
719135
20913
461365
167630
918010
809066
775071
686941
982489
876290
976117
73304
730482
790648
742855
718426
638355
90860
296105
642690
991720
904547
447251
198075
140585
554727
905176
226806
184802
178955
854017
150137
606240
465228
397638
28689
280373
19219
697768
579683
377193
361752
795694
297505
148093
178976
333049
200920
292380
561766
337798
504421
777249
152216
414656
483784
9023
715640
534656
236176
904081
26147
308386
697334
879103
711663
733957
20550
142985
125037
651102
590648
405235
153806
322041
84765
674766
127969
122766
801589
160798
82362
419900
940061
188397
156207
269861
609637
283563
911100
612325
585216
147904
402310
821231
512597
957744
249148
942982
532978
347946
808986
508438
530400
27181
964039
432941
842897
149336
759903
289177
828150
829196
751179
64670
750957
188031
679691
499348
447640
315168
377493
744795
200009
616162
134679
696060
901721
170344
453017
394270
36120
538123
731134
211682
702622
263051
497769
243099
796224
61263
88701
993325
248606
550554
821884
345857
978714
874125
824593
844834
857379
820691
930217
907319
197423
910636
202555
569629
887431
864602
3625
453537
221692
996386
201662
660439
411767
751359
129239
734681
246190
965993
438047
331743
886515
85436
778355
656760
37798
301257
433252
763555
96011
648374
640410
929868
838518
377554
458581
892518
753635
382969
373455
358433
529762
437344
812542
338953
37871
767550
498998
374331
554912
186712
352234
6916
749687
244263
54802
1815
457495
223655
32745
850091
58772
677439
304782
455087
977699
172872
648266
613931
208496
832891
764785
259828
221199
780860
482785
259147
296458
345533
193512
589332
560793
649360
388738
301806
914031
873485
757247
997555
687601
239964
965571
674125
477377
436960
639655
44531
462009
684545
829310
8767
810036
753619
534066
170414
221254
878056
659084
870387
680075
22127
634386
132152
913309
454983
272714
322290
122591
831268
160861
848031
546166
179676
932183
612447
589208
22351
947979
756781
640636
177521
442003
127160
690417
323318
295797
948002
606923
219096
799202
572756
954104
553800
729688
49404
192688
389103
580391
478244
259851
923423
274064
95024
83820
989403
14216
162292
862491
469503
543261
808431
759153
828429
263088
386280
281132
684758
800544
702500
767330
142530
10760
360577
448659
256316
636766
892019
948759
495484
300732
748888
639350
508722
113083
826361
57430
762700
298875
667167
806735
590052
933888
805072
431259
401225
657847
915429
49449
360361
525142
302985
822352
960984
38177
487696
404768
898431
770824
399025
139157
259876
729774
317602
682917
384593
526916
691726
565625
786084
114836
524022
741048
780659
26010
989729
544318
345241
35788
330817
137643
465697
135163
693988
648856
137486
339601
713939
18533
185797
572154
200523
839534
603416
955808
311125
445916
374896
667342
245764
646487
892118
118
835595
615001
195294
857870
577656
758750
599600
768084
910801
497144
332468
626867
926346
99774
378138
544702
318624
88612
798915
806553
379796
516646
871567
579127
391879
403295
812548
689213
327599
357238
148823
987141
544115
885495
473307
516224
141289
826752
689219
210483
684457
56274
929941
759650
513614
477959
193646
486090
270089
878051
955884
336967
891105
442626
83643
506262
199947
663409
560703
514037
506017
659481
888859
397735
526530
864406
248732
35155
467079
668391
690694
187980
404253
186686
793977
717036
339524
588406
24382
644313
71075
612132
176372
781161
549189
123077
341393
76898
386548
475351
26903
242074
724592
622917
107734
308157
72972
187642
797143
895213
658726
652567
358956
101316
366657
366911
238162
639925
21825
143375
187136
133776
596610
125163
890511
607908
390805
611636
883717
134462
627991
98645
748479
209488
594224
303805
169083
556781
490277
205927
496447
152113
516059
184404
123818
560638
214953
13787
523477
741217
859864
66007
999846
134930
509626
143294
379825
864474
862692
642129
267722
978447
198409
515503
872811
661307
107636
138117
493438
421787
441569
947936
261705
518595
258425
981155
378100
26527
139049
674516
826423
907156
624094
859408
113572
285636
865310
748959
46734
48304
610502
581794
777685
874873
6620
989097
692495
651199
197520
9441
874197
357866
476308
201386
859303
690311
72789
105479
988477
527242
795860
223087
649323
847346
994726
808832
636911
616906
613316
997715
467035
224459
577808
947370
927641
252255
257189
915334
238880
942592
782041
184406
358834
886591
296402
937545
391375
108513
326465
818053
646970
448739
921024
31792
578149
666079
325956
85803
951291
447815
419519
683998
254602
901709
575253
513326
191884
70181
993848
586059
348752
685666
457762
471911
855434
996733
696430
468161
881587
352309
800788
540383
543262
270096
46719
48986
933465
80447
92045
979667
155196
693983
385634
226564
839889
507228
741545
113777
410848
389744
332521
762108
625877
579337
778047
864344
108240
345417
239934
462166
645641
582183
40352
767771
197790
502515
845415
401011
801595
59766
77204
285822
460901
298743
408515
284616
446179
619930
474593
520183
163273
567524
478603
59677
653666
874521
211589
788141
45689
805702
675220
80331
795844
162139
592377
478012
713774
991984
677834
31165
24320
497320
861806
370415
540267
12467
149876
944559
430580
867821
803537
430980
657148
651428
597364
277362
422827
280631
653704
803627
530169
880409
440069
649573
981337
685941
525171
6599
255426
941868
250493
535805
823514
368825
986990
71595
339393
229174
580298
637437
953592
100344
132811
151453
423405
883732
370487
889342
10148
778757
101402
110421
767683
11430
36774
324392
295098
214681
287651
64830
814285
299146
379348
364534
645951
537678
899240
982900
940445
269413
35545
143350
464356
192030
361701
222021
881232
536794
758567
93702
152130
272680
848530
724144
315468
657168
496073
771608
383900
532907
298909
511848
267140
893295
510179
635758
643042
367049
573361
802128
245169
687715
559734
810206
514474
572101
702963
514752
33176
143383
809498
994190
259063
630212
491841
687614
749512
847227
96963
456696
757748
34319
878835
916742
754778
873407
796030
87399
592759
11471
948124
480578
352753
509973
531890
859448
871168
418064
517192
16658
253881
255921
829410
337114
585593
725886
293629
371589
315562
472524
789864
338957
269557
560618
555964
292829
737860
479709
800569
519078
750834
613381
622078
405071
693970
979038
612068
422473
409945
124322
460728
597568
823081
502220
246676
348973
325371
710456
904345
228232
240039
536294
359307
233691
343379
484382
487433
171058
53494
80621
503783
75119
46024
146445
616746
543866
277896
812003
232479
180373
437417
951137
296472
144653
584922
104716
420228
678284
698673
281752
990826
313996
187955
173231
191874
583206
274754
745104
419696
394632
969059
929748
188318
600773
139243
98444
145268
781959
858438
383943
48439
636256
211876
301424
789307
99773
737089
376083
912006
438139
62223
796800
675459
101716
766273
145864
881760
829426
926774
998436
761349
56548
302145
933686
791664
453742
924881
800935
866673
612730
598978
423343
130559
638061
344959
759667
395254
232661
360721
547528
899950
738494
44681
287189
880953
676580
76166
494615
23352
809794
367460
333055
33178
387273
635841
910838
73587
709036
281517
245632
596533
339096
205869
699390
665805
952193
564588
405837
584284
980440
498367
89805
55120
515417
671635
381116
35103
574144
474230
312256
63456
140315
968254
133443
142918
170875
920282
959160
282105
949956
911987
351357
568658
500196
978302
155545
687219
22240
613729
597092
276993
990282
70847
883270
395840
751951
450850
63255
648457
165740
898948
639334
602154
203649
411130
346774
939098
594942
300350
831266
602007
354298
367447
848512
571422
585570
490535
100387
25095
458382
772049
802459
594810
646639
211332
364312
220433
897829
94185
824972
670220
685933
209893
353198
171563
542584
673163
91930
524204
727062
329633
385749
69217
497489
62669
65071
733229
294999
59677
230273
221403
999311
866224
741782
658650
932428
20099
69862
631449
327967
101660
815870
364219
62086
772045
406907
430519
407619
985125
509108
977744
810632
796089
529528
849451
803790
122506
297388
666258
569477
264083
905495
116612
884710
870450
61305
602998
627620
769200
125589
811435
967105
433135
254864
930411
713020
503791
800114
902563
324391
120380
49673
740504
736279
548408
269100
499081
812534
121473
246045
226657
265970
541630
512968
883414
118488
577355
26088
867361
456251
946046
132169
249946
404174
591190
228136
31983
469906
137344
96054
515392
37224
755909
6587
474139
848968
901395
769176
943119
92426
752613
291237
18543
86946
544274
245945
863653
109865
375472
938375
925168
54486
263266
413477
493179
656459
438789
524584
166107
433548
975539
154156
781733
217802
196338
903344
170
930718
525693
422110
566225
323729
775020
447655
808783
571927
186946
519309
237701
786973
548051
318074
551669
821688
56528
310030
910242
587004
682865
661942
489348
568366
344701
277943
781669
913
71993
705227
296091
453596
949227
604578
20834
322829
472393
773385
940309
409239
1795
89320
13385
990199
129386
743781
365767
108901
615931
317991
563811
259237
190796
434037
806845
651004
576594
225724
786388
187200
432653
340015
603586
139145
993937
281545
50200
424004
324849
778414
139862
842470
121353
456111
912775
468860
896936
357805
878135
421153
389016
109908
835794
493898
70924
844937
179675
602811
588326
505759
101637
854748
429794
106434
881266
624550
856930
297462
126661
450744
773526
901626
69542
299014
50695
36038
447698
543152
339201
646196
493147
277297
150043
113595
582531
592110
938788
818965
245041
849902
154860
665027
101646
88617
231020
326631
114815
533369
643283
129230
555775
142381
165742
372944
527511
695101
584882
969616
540285
885783
792105
882783
402631
83672
557239
292861
136202
868310
12808
944767
860308
910490
681369
797068
64513
766379
6623
886401
422590
234757
961495
293685
395672
908649
662123
791126
941568
413838
129854
215666
783197
66997
583829
750098
368014
926938
610913
584513
31995
643654
912045
27946
786902
428033
570080
10719
550900
749029
893616
503094
887810
778319
617764
667790
391333
752110
134979
504943
609970
992445
5086
895503
146759
55757
733687
755121
525124
570043
466829
602600
614185
49282
734341
30586
50894
719081
799542
634272
165945
676957
802961
528425
251615
680985
725740
430653
658682
485825
185257
677311
235139
547919
116999
825228
940237
98788
724869
174753
44670
949120
379374
286361
204458
512077
934662
884755
310733
544918
451215
478642
413541
851157
171576
799102
914474
405865
980515
16359
416299
86182
830610
734570
8391
199303
424813
330765
769092
104830
478386
894212
684559
37036
738361
11638
378064
377325
836643
307353
516137
267082
481183
705145
835724
39634
819160
120472
249398
176770
380798
688624
466956
791905
861104
916948
667408
908265
384707
218292
550144
759583
590194
356927
459531
44356
301026
129635
56945
115748
526096
325424
894262
710347
504601
784986
277122
852695
4517
183517
158104
321193
500849
28155
177713
919989
218872
828641
137461
832633
415358
576488
653525
178571
547513
113015
940999
954250
648476
289285
874207
503926
475841
351868
488647
442268
629042
96057
434523
657898
652115
311088
455331
177889
890480
590893
373358
911464
594463
409205
14535
124
858130
217803
167959
421509
626555
838990
321367
41988
673820
932223
355567
552617
323562
37025
763824
792897
111261
644153
564203
31181
294487
23029
626924
951150
312238
511657
466774
577724
112536
100788
148572
44085
278770
951553
129305
962834
56877
759850
43149
695669
876501
407862
757685
957503
28159
605251
893510
225663
252175
839743
474373
714949
766627
299728
768902
998868
302880
762324
731583
576693
717911
854914
166728
677672
943635
946991
970545
409270
324993
444269
225279
541666
204669
777422
305221
585278
244533
483718
147164
932057
827836
366446
93631
145046
969069
958885
449349
845272
957562
839057
713595
24153
69200
687939
514973
909914
55656
26297
967729
820725
803117
812861
203265
681998
638341
852522
117491
194728
462399
899854
829318
424659
693207
301291
389931
386563
899304
18136
234942
849469
5615
555013
268191
563818
714551
886747
956082
836686
262951
465794
292911
794578
197028
741564
219366
942077
386020
275566
952083
578689
814481
287359
480793
223154
307477
130457
898271
318417
915400
687245
205700
729479
788916
392915
769216
245549
193217
534191
651352
173576
149186
210734
644797
87890
868122
394448
873794
844851
240332
867392
187129
973711
295903
660862
985513
989625
661098
533149
17133
95941
588097
895208
68972
774778
302908
381344
9200
607590
33696
652065
502501
76236
839981
212771
486384
937593
909188
380571
693226
758837
645234
114817
71480
374228
71197
380909
520968
404012
960841
740827
979050
378592
850504
995981
261640
332571
303740
949135
623940
534233
161354
892758
338925
859231
976605
115586
343965
467659
61652
960387
878577
445510
889545
409111
278950
114453
741567
175025
930637
456143
716583
435638
557226
835689
252623
845600
167919
498925
929000
499717
757456
153993
6386
135858
234307
780356
125830
997809
229462
990475
451968
978091
235500
525866
946631
195430
763157
936534
85306
712622
325577
347111
651512
805970
446273
482658
513484
737798
358067
632692
319155
832742
865768
709436
315596
698842
54139
690751
335068
13140
509680
100863
169466
588790
833198
764581
538525
200209
720218
162907
856576
534089
787858
970742
497711
239316
895363
746257
112690
161953
393640
525237
367059
736597
179295
369396
468300
1776
426921
37909
411090
185870
127806
697001
114296
613514
747851
306044
231746
373309
113674
485735
122759
723044
590587
422659
131521
74144
499140
262200
761333
288726
653666
942003
435449
75382
205963
78262
528743
747993
135586
996105
442141
456452
591958
571982
203181
558218
83416
211634
437416
457165
594679
344191
980290
194404
715993
573071
12514
989081
757400
630683
879625
892489
792758
238130
620764
432302
23743
216837
351695
173242
96122
335263
76336
398809
315979
154289
845261
940505
560680
334411
763204
787046
598902
402471
907173
660206
824703
248928
994949
451107
792530
675392
986594
99551
122040
927670
50350
829281
646606
947430
424570
745397
821828
900891
396288
834866
341745
400664
873869
214941
900048
240332
269577
620204
355035
517539
592100
178532
392258
381689
90015
350115
803016
823913
482036
893306
687419
810500
791396
904882
16398
788766
664603
416304
762196
316098
229889
473651
799259
321541
35807
489721
772579
270648
274092
925057
422842
36535
654964
380204
525749
829854
855268
143421
191052
377179
504052
961535
787027
471071
629745
750214
231633
358767
50662
840525
290943
425495
475558
931263
846366
240637
100089
841937
577461
232595
896481
921292
339046
387686
72903
311272
235116
167124
898375
219348
491636
933018
564373
431443
120596
498379
591242
719488
271404
961629
726479
695282
19608
764958
314597
389882
764495
138052
40526
489609
140571
133153
119067
727151
694645
484533
915987
436926
64444
596254
491709
770765
877650
829546
226571
365080
410707
397901
816611
735045
570675
244654
840394
901889
342067
453147
987055
121289
17664
113053
223314
398789
919336
671911
235151
273998
221945
136232
723019
744848
563448
828544
203130
822283
466427
481039
823690
109812
172324
322856
146159
795960
992570
633956
954636
981088
108389
527123
454715
518607
147398
126606
250233
943657
645041
293352
681905
811726
25608
558595
383203
559044
118965
703486
317489
865523
816771
446220
793606
441865
954202
562848
58019
399358
717461
3460
60295
277170
693122
117961
176635
672434
918325
798169
774135
452633
693449
252968
326644
132371
176244
472969
363599
904061
692038
643229
594455
98984
162046
356326
864499
113981
179529
655609
283507
34490
561752
573714
358065
865050
709276
783042
706403
291667
299681
384131
937345
193017
154500
569836
170317
868224
448019
822207
638660
63326
333247
363552
849759
243279
702912
477473
923462
130738
523846
419640
455890
203985
533591
913170
481149
326142
985929
449408
369257
783192
959134
392272
429513
307053
695735
280439
889904
155321
33271
525417
30964
269645
218101
1419
3583
59083
414109
230912
342770
395278
343140
577248
141941
615974
47205
365511
516639
109057
289629
226377
309951
676261
265472
894211
488517
768281
281397
611661
379792
691556
270325
882507
57813
557101
911611
917283
821544
760577
649257
798537
865387
247219
122871
265781
619472
190814
276056
415926
50828
922630
760363
83936
685914
558557
516186
957537
553512
674849
12307
69490
681122
258274
381025
533865
803482
130658
473062
946667
155537
360533
357815
751678
882725
208455
591636
721020
70358
853149
66498
581539
914870
33907
640391
596618
616685
69541
608514
259566
508198
112169
174244
701611
746586
701913
254159
553478
813687
60687
117001
359207
909868
812778
263581
667044
559060
103789
757646
619832
806972
720326
670137
273490
438035
245611
201286
585866
311341
274656
869962
788078
896371
417942
923453
86395
273067
117485
787667
64487
401248
495194
34553
168859
925486
439140
295597
249598
93484
36616
544442
922029
593974
847229
938575
470599
564821
262226
931131
82596
533966
96819
528520
789093
309444
820298
729713
815910
787978
819137
662272
504528
621129
742
640136
733324
687626
931752
758588
155154
214049
157694
996587
175263
454455
596391
820505
142661
832498
572044
436283
933532
599939
161473
80718
317974
811659
158186
809364
123568
221675
865402
222956
446213
107623
650007
789197
737341
918838
927258
755807
123682
293096
321650
568246
802771
571444
982760
386603
321809
663453
430397
603289
596919
324737
731631
979249
455814
824702
491226
93883
718366
929793
240700
759145
616457
450092
107217
708761
850738
995427
640029
704232
746931
760180
438472
367277
952268
124705
29283
542297
439855
746890
777096
991721
163767
987195
958368
153029
129145
827984
660991
377721
632947
5441
369513
56269
758370
659790
943864
415362
868463
151176
845269
683948
292041
619833
261796
514919
196878
321009
326076
431863
895458
990062
156947
519872
470371
212583
803065
912222
725747
289397
774459
648866
794612
688479
57896
117098
920914
495360
599472
845788
459961
700695
110439
363519
512296
717867
486633
559093
509789
294297
920536
464985
207408
656955
803393
799601
501756
902839
791453
136656
150264
542561
704307
696779
159203
482894
800347
187157
493022
428470
892765
89658
949587
886533
441975
792245
932115
628862
669437
3310
894718
133900
960091
354771
143003
690983
463606
247697
919112
988511
890353
718383
290379
861833
995020
739527
920774
305859
193894
244259
665481
598948
825059
204016
190018
811333
311144
735713
831759
357607
424899
176611
806452
495231
665896
588920
719976
996197
550231
493555
812746
907733
634457
98319
373745
451103
236776
844651
996704
90161
488622
850598
702681
115711
319590
162451
983048
510092
62495
394585
542752
596312
543199
931690
358020
593254
91876
748830
797979
549673
550918
432555
546310
292426
88376
762691
670062
663065
845165
918282
490486
156685
343511
246963
511312
92473
285770
451638
527979
9358
537919
601264
475722
312135
285877
651350
219824
909237
182002
229143
543607
505127
568296
575758
957377
348853
411570
448033
796485
99561
955837
586105
299147
589323
300484
358558
117043
61960
233843
187949
933743
173694
214125
46969
491664
374119
249321
501372
305406
312991
612919
321592
870530
996883
412065
208815
551165
543496
676780
436795
622908
556869
430654
929995
476323
543455
751193
781306
405445
412319
985541
528653
438486
440977
170188
372233
521976
59500
243359
155247
632817
251225
418455
281046
949374
516834
108949
36515
534273
336120
585674
911381
172193
273106
730964
994690
426044
818235
843293
352652
300146
131365
890602
882214
377659
790529
706037
917444
17674
770171
470980
70734
547606
464884
723139
496496
57158
932072
963581
423310
447097
594607
82615
555413
996847
57119
665897
362157
976599
696398
744794
905802
134773
616565
692438
115810
57455
494192
813647
660473
695285
165473
417742
162071
556364
675381
906004
230620
113461
77119
713937
428138
492030
650176
984192
455296
868772
117960
232605
153767
285155
359285
126276
353220
571869
746714
322536
597710
390818
232252
13228
855322
735330
660150
438241
414099
156524
490748
474397
141061
198946
178044
488116
959064
117948
818528
754134
673177
548213
534512
955717
881012
194773
693269
649584
442494
914780
747128
532337
410607
179720
815305
701152
885357
190212
653212
832018
51587
903469
824621
22514
858416
571841
436868
688057
326876
735718
426356
549517
27942
734485
644733
124660
711448
706465
513169
719667
406524
606952
512948
669895
498504
90516
656252
227839
495476
388686
3320
803380
269164
537473
509677
668262
771425
506566
272891
934773
181306
492401
193759
850105
617001
411319
385170
263422
140184
121467
168782
572319
802881
746548
814960
789757
742045
515643
859513
316893
541556
969590
400814
464860
626579
362141
401824
315407
475228
294502
389766
382331
44215
421585
813382
591469
163431
877074
261778
394040
478967
800406
320559
535177
195730
495923
23121
152104
934066
640817
660131
351117
599665
183919
241955
439901
197883
750900
909993
90688
769573
239443
976455
193887
646614
513530
37772
683071
388131
299735
177507
704821
682681
692518
855193
138373
167411
127772
442428
49179
364492
15529
692958
267237
274990
330990
812601
486475
928937
39739
118508
403404
923007
513475
907812
248630
295004
701663
762070
973250
690979
924091
145896
757578
156963
285537
552111
463847
205288
515168
846355
537323
436270
976216
193487
186680
886897
364837
745173
236283
363296
195174
498574
663625
297711
294953
268351
174292
74251
866997
582215
337545
242537
189235
90373
485130
837816
587257
824470
827971
369205
127476
688060
914539
923356
180274
963354
785881
304636
314570
752348
889472
478308
253992
114227
139209
913273
479481
751742
61515
177897
889711
832132
828394
64634
563633
496862
727817
670588
815203
243762
539309
415965
470157
247513
332591
194331
352490
234786
788189
257300
227792
895664
573999
340537
54582
868350
373345
50977
509479
670915
922033
878778
6082
547377
948151
841626
355947
53975
174748
524467
248786
73510
218616
122661
743006
201680
893004
45358
76917
463244
293401
663612
927978
418294
144155
34915
289092
275860
2533
764330
423911
327540
377754
757888
277986
489521
467141
433100
210708
760980
647830
859170
240507
135638
128570
34321
680667
130627
8405
596889
88583
306427
712543
985018
974799
563667
160088
282407
716358
924120
873449
881050
379438
90227
610009
89921
498562
678760
365032
888342
481632
925241
437708
376204
873298
784039
325
573925
742392
701400
796831
185248
421331
662292
442180
180368
693104
703529
757435
265992
375535
747951
658369
943987
457134
799398
88770
388928
595991
274683
284532
260346
838852
209194
466129
36789
293258
498237
353455
929572
425
565810
545149
965128
793870
893434
274780
618499
535682
288350
730647
406795
895091
57276
736769
708922
71453
397232
431210
659713
375317
579726
173821
536061
400946
501387
500217
286370
237592
198715
959882
304020
795874
321524
918019
859796
433707
528722
483195
10647
96442
492692
88193
635955
188040
444772
640893
966834
337710
786164
589284
874761
536367
423492
408599
169954
904672
869760
95065
972822
107120
764101
154027
555831
674968
88964
719622
287624
335520
249407
92148
431568
712074
977265
141580
67587
373344
929803
800200
439393
917909
43288
297477
91483
251738
120705
102870
315567
464896
855341
653636
758677
881157
139200
803302
72081
511037
347717
204697
785385
81310
287078
954653
360497
459432
149720
197068
363714
50863
916947
104504
162441
563463
765183
653343
664187
118986
810027
350285
242150
372232
331830
378511
743395
27916
677584
255631
163496
521351
290651
556817
793402
389340
106091
950025
130943
159623
509420
297558
885809
351531
874467
93023
681071
234358
350413
572681
939758
320051
366499
268690
285772
29931
156543
13901
710469
675513
591384
300154
593022
855209
372137
595841
402879
675788
530545
372363
178302
647003
621779
436350
87382
177541
990877
282259
928919
915224
896101
312085
237366
376904
727567
909815
632677
895774
969004
708434
904702
458367
151997
654011
45080
109591
472085
358270
330492
698019
639388
153209
467378
790169
78448
984598
562356
897652
904293
87078
820932
975135
385005
447895
344601
827005
792723
874066
120757
530515
264545
184563
81490
846227
997986
945958
538938
932422
770434
521242
240694
923157
655121
660197
783134
614323
668838
976180
14352
167082
926240
462381
661179
806081
748296
438883
493851
945927
671314
535733
677055
651328
517443
832516
53573
442921
128492
291470
939368
618792
557588
797548
778928
749333
986164
748132
750408
110239
472091
606252
332716
137116
370930
687036
551553
841649
538970
932750
658878
808026
536689
711669
100424
324503
742580
823447
928028
669620
69246
815625
542246
663987
533295
10757
148782
713879
811880
65930
200498
373520
160370
201681
425934
952830
379006
737575
746327
50595
931911
917996
462472
525098
377556
554854
702228
744910
492185
49026
873434
737961
240445
251113
920951
342170
328887
788539
171125
841617
435729
1515
717664
266938
288015
241655
939769
895235
330409
836866
654788
196172
47155
521487
240764
724970
290270
505884
423015
442136
258391
563865
708100
269307
882765
451332
520672
307281
550672
837986
468936
496437
533909
882587
565208
380369
693910
980979
503858
73184
718998
207009
880907
537630
952642
553294
914847
240783
733747
724075
839940
236905
474384
887087
854940
622112
381457
174828
258789
735948
177502
322765
748587
20152
688469
880750
791452
644617
955115
90840
444796
628873
263465
317335
303535
395599
957464
860730
404596
40205
743544
289063
486641
656886
790569
323096
150120
701898
919661
39542
324105
361791
250565
469456
10594
260173
914039
73400
715314
661078
502769
320506
576731
394993
283784
983802
611893
126930
650009
331561
817087
365335
173968
751204
711024
906545
916615
559721
600107
708269
660614
297462
949458
149854
629929
595840
954930
400809
370911
339789
140828
717997
142094
307310
360339
294413
862996
930781
652641
447067
808361
739119
340740
112546
383008
1525
361862
525328
352972
416373
861674
815486
840831
942592
866818
378782
494254
433776
413918
650688
104432
767680
820446
973505
849125
825800
721065
577040
405364
138835
526582
161886
859372
687518
201479
390306
363532
555888
398838
920006
106526
804177
317480
626545
195966
24872
284830
748658
292792
972148
750762
331909
454415
508647
778110
841606
520602
217882
719392
152047
398090
203953
300729
181647
373510
464205
971789
415050
29879
511527
880454
716167
361119
221648
292841
691642
879396
232002
516138
92813
538667
496289
449178
243565
72608
594900
782974
675760
771665
680379
814972
51614
471290
482764
568111
107939
10268
508941
876377
486927
238150
532272
391736
402119
132213
658566
835377
898252
778903
742625
192553
370021
119852
565707
217715
459692
28421
237468
813731
426483
464687
897084
48193
761105
276009
281910
622938
37324
597456
142964
999792
787236
994588
989789
366161
791930
196547
969992
733957
245724
809723
929179
482848
489582
255197
835460
121656
368886
973669
504148
542769
178307
122390
364723
299252
778875
693178
218948
385406
290816
562951
78102
974292
870206
12125
617155
814677
362644
751212
76713
453352
7837
991219
684930
61907
253274
131683
815843
745965
181054
42722
60558
810924
856981
72107
612467
46424
558865
729810
274570
556321
523570
49381
218758
20619
878353
356911
253046
432583
279818
282326
668541
988062
377988
598052
215148
984390
195615
186722
410297
131095
192184
164512
807327
769239
554395
605138
246161
5617
486598
360597
467292
972293
793110
381263
465880
534425
1233
959347
261770
146220
460751
548644
832153
50091
985989
611313
903403
309757
122735
940863
326236
896441
450842
757124
965915
847799
540107
121967
657184
916292
114063
991334
605005
674415
327904
182375
108129
443840
108721
764175
880403
37513
678871
356537
632721
77780
348435
662399
92948
795323
804288
122716
