167024
438437
585017
874034
157906
183170
122366
369929
758217
264775
103662
527263
38234
620802
144392
70939
517439
487598
662130
835363
308560
648568
382967
764403
882078
953838
63727
282451
458655
369799
566012
22584
463299
191497
108656
981497
926693
213723
843084
314284
735453
424039
622884
635229
832498
500139
327838
599658
805741
908637
958361
699326
809928
611321
992874
825960
819269
101224
71809
714583
435420
999182
162474
976436
910988
49520
751919
605020
309331
260033
890011
316025
824633
997128
478938
783100
962694
271215
816893
452217
670867
845033
201433
880670
375806
153281
496271
654801
690487
660092
548454
514918
719351
315691
957651
91258
549521
848335
722971
499311
949601
418024
202383
144131
187488
239388
221110
7055
636890
429313
184393
624346
39542
339207
477464
734872
430068
954309
853642
161794
433910
551518
897473
366483
289141
248911
88860
928540
917844
147481
856342
493060
539409
698885
296076
882720
875032
620377
949723
30251
270962
535573
527271
331042
817242
479274
728633
444927
412208
737784
595584
278223
906375
615810
947192
206642
952281
677041
857448
344623
696858
11393
62341
815793
489577
840396
953332
883618
675683
626289
872813
212579
320530
116065
10747
469541
534531
834182
44064
10983
751925
767312
622933
277260
175149
160989
340846
444632
509223
907203
441052
247687
631591
53757
116877
894858
839917
313457
150510
183071
31430
878938
122320
795019
951167
318871
569640
560183
980533
382671
834993
162789
52040
311423
435948
816013
526638
215073
279431
377304
299683
621178
888604
514232
925886
264833
951760
44258
601375
487655
154972
26281
574533
469703
538920
598648
543420
940204
894163
168620
794291
965305
192015
387724
221548
850809
599786
734310
901132
282500
783975
897735
101842
773642
852491
414422
949541
781823
318131
139981
500997
893923
114722
405141
215908
577325
781785
534590
970702
273939
180383
191448
755842
1401
420960
12464
555365
606387
573618
377834
233804
804345
571890
434744
158967
53926
603469
196916
516062
762348
630235
154464
479075
777049
78821
23927
337702
366078
439687
986863
195639
428289
328689
237646
388006
310785
368391
851174
345975
195425
194281
128943
287154
286196
289229
570815
460822
653123
102855
764328
825709
397181
887978
226606
719931
679868
961481
958051
152016
487920
852566
522529
188349
269674
5036
873444
323299
331271
638312
358274
23527
837431
105330
76295
4161
449961
971482
956337
538036
241877
651805
279236
44568
378917
427014
976459
467603
768257
871537
609965
483942
93941
548907
605544
679523
480897
19381
832172
465213
695678
663911
864086
213368
589992
873330
244999
222079
667788
278526
33057
223828
122703
303538
89758
647010
509912
362065
937228
178926
736859
901953
907177
335212
384387
811816
474391
653678
730171
50543
283772
398263
400794
506984
831416
871086
68969
984140
194500
488686
805457
925405
759524
765178
723814
467114
520264
747022
864266
628849
780997
108688
553727
317406
862827
453925
988109
409970
605186
677217
405388
270015
873062
141462
786831
577808
293116
884045
296749
591845
464400
206483
478701
50779
407373
934058
169357
888618
465303
709281
441903
366409
629065
813950
589473
201900
247558
423255
142215
424557
273150
646528
942888
828553
399423
568798
559761
599041
598005
168666
518505
500512
420736
846642
653587
101340
777840
69865
191161
111318
299616
330846
121980
865340
541548
894203
716149
406350
271120
985156
603046
757437
797662
141967
335938
627247
363355
238547
689557
490080
984951
717848
564753
94818
630056
556302
627127
719301
907362
23802
731358
509457
107701
818955
846755
823728
673346
716107
306990
636073
179035
334001
193820
800711
820279
267283
139598
16792
23630
405944
736846
979089
981655
340363
763673
405391
888668
835628
450061
211256
389622
583521
206640
186560
393003
659562
686554
750728
772896
21234
591425
707424
87932
96161
861599
623981
782684
742095
106242
879334
804972
862930
768047
619128
533480
572408
399732
541258
361455
542800
599049
922010
925057
283363
110562
381958
426773
445504
233300
63399
536602
740405
9057
427992
605128
861274
207394
970196
953953
767239
997328
925949
347145
59365
986350
564665
22399
895586
689367
2295
539383
452414
221855
738832
166678
178499
761129
454408
11145
660817
744325
945651
502274
952663
886211
744052
137809
235934
525593
220129
43291
241279
862316
56578
290105
985909
16574
752185
499631
774221
852021
64443
44935
821690
17476
500668
826057
586437
255608
759465
627162
679393
261921
351375
347311
952732
627803
446169
117292
161650
349240
198134
107357
298940
42892
870169
282319
756614
454932
841178
324748
286525
534723
208442
452466
797511
271019
505092
879407
177965
766852
489486
833499
366963
286941
187935
496946
881353
199068
658410
363821
591706
20979
332089
814139
135297
677025
171877
659745
214811
72674
977473
502123
156855
110005
137687
374734
863978
39880
501962
746396
584512
399681
119963
566498
511885
75307
807366
849825
594913
638971
369356
817383
14041
253503
752716
1418
86482
862946
343051
282561
493433
735582
964115
874783
865470
98430
290551
531629
843367
363855
170356
438242
453057
905123
622258
723585
113969
488577
514410
780944
548904
896172
779427
441776
849397
682958
845205
337054
708724
421057
930286
304197
631332
395579
672818
146429
257494
497171
909117
183204
610562
241012
147620
227607
272180
569181
929850
66254
632931
852946
62126
163793
371618
147618
140946
494683
81008
960918
511286
12234
368618
217651
744435
836479
791200
27116
764868
630040
65860
396712
151438
479495
138878
176555
541696
255055
907293
312291
170965
86299
676649
503122
822
218939
724
406994
512637
36411
374031
839306
465365
601954
511608
151980
211389
96132
853616
504872
914219
373700
547915
307376
309261
690986
128545
301225
995562
690013
808897
61419
991207
28093
485509
301941
530918
479903
26433
779312
392393
706534
910165
728478
404628
572922
343586
123359
716465
61864
227161
295392
562060
562070
552367
806688
905759
290465
384813
742560
751304
861013
348259
718375
289749
841416
889277
230383
823586
872915
81197
325488
264474
222830
162952
797318
533337
311527
674349
243393
586098
998335
34655
351689
304396
164257
503668
543724
578599
79040
524007
532998
684541
809612
407880
113356
529155
970192
190866
51445
779918
593835
886941
605765
639443
246249
937322
128246
412039
380989
854044
93638
161253
39773
417350
141912
392846
537210
660127
400775
810314
483675
749330
156366
920236
526165
132082
358477
942420
973673
424523
691577
225166
131642
963284
931235
975832
968169
800768
218019
873537
782223
93491
483105
24493
124118
764306
946367
639541
628340
962419
528358
247787
996997
921908
311084
902523
831300
383335
670175
248237
434471
475499
885297
541510
376532
313430
745152
480078
932867
811470
664256
649325
476593
73719
996487
318767
535869
706886
739572
147815
133668
802996
217405
163375
272276
766991
697300
45901
684526
842346
820534
877937
248093
188597
184528
801307
489038
450919
130574
337241
713099
670743
746817
481006
814264
939371
460459
121742
701352
293159
373354
381574
902364
967655
899519
341625
877018
22568
988027
807749
73127
813888
344901
677957
748385
789166
329226
822511
984571
854988
513217
499868
820885
557985
96794
589352
773495
966867
135298
493615
174442
25529
410389
511416
682355
236367
566177
525870
152685
461507
405971
374921
746434
225452
345729
25868
116357
358362
851923
208231
382767
185032
105102
613308
307893
586158
227647
46591
720002
198195
922688
129526
842006
143680
644330
648480
563258
934256
414103
35698
249375
405155
484370
771644
563091
847986
314334
3690
173983
973692
141664
693991
104959
21791
314473
728092
280894
194499
801124
506326
297390
200400
233433
5574
868865
770751
335771
838690
891208
560078
393236
231720
782981
339405
368107
97858
265454
545942
803599
50181
43137
1946
61987
740755
616318
753174
576390
17953
106822
841636
108157
385747
452110
405165
936768
342019
764352
141308
585758
944737
782894
234030
268301
732980
700019
309638
880594
90751
801576
11037
151305
88639
476928
155510
740882
690384
5441
183023
535128
350318
434783
635924
899007
372761
524087
410574
838762
978323
737445
856057
457830
837507
176898
837523
844598
965308
732221
901775
32827
947543
41621
780042
701568
584636
252400
955797
816672
264960
102939
604656
745364
862440
325919
586328
330269
320012
504572
412024
922186
967255
787973
251067
819367
893483
418839
521345
125634
945953
993399
649391
396315
438766
107271
899809
429735
661025
235621
672635
855873
693960
390305
80989
176110
840947
461848
535796
293835
78288
392369
242477
533717
195317
341108
15749
800661
252541
932866
356732
504166
13641
747829
896105
852772
668328
546517
778214
98099
110161
828275
572651
259689
538125
964134
385656
200729
639730
330143
551660
477181
716809
651883
345651
685439
222225
846854
801437
940580
159709
943318
191305
114005
82328
837259
149440
207692
803945
670480
682334
298712
45169
733806
676330
728012
271985
290622
987207
455114
933961
357577
514884
93031
35739
802238
456654
598011
113998
275662
882501
695240
256623
184616
425899
535365
36593
214028
922681
729734
807189
702926
135116
674185
768549
621417
373116
440991
948634
499070
177934
665588
463389
183912
231743
471166
661802
624572
666496
612862
946065
709858
709954
822582
506007
824842
381799
726376
585337
649166
486424
553990
232016
91811
566836
829371
992400
495162
865317
536468
237610
629177
409295
279565
79058
916177
678946
868660
239898
467707
259471
960508
398077
184020
197464
358881
811129
148627
974399
791794
675347
95651
108128
945664
473854
633505
159387
970081
112470
91700
633577
984865
995975
606659
575760
647686
377419
843607
352945
11455
854992
655631
901695
897897
469687
719290
350794
889405
973945
682645
657145
494232
493988
644896
266774
943976
54467
759071
978052
330800
350172
368682
280203
759929
179795
401585
636052
525078
572460
747536
621872
887058
33646
607819
53458
120120
255330
122982
113309
378302
962683
498660
24728
667982
449999
720154
388223
415538
906435
665902
518131
747676
628294
87217
714193
727056
321524
915031
117407
993263
504282
770063
796131
366689
394073
897859
863566
639261
421731
334958
5845
325336
583523
893780
850081
662792
292473
314083
875804
455251
275171
95076
800684
504153
20343
452254
295869
991003
831436
466695
538998
799302
787577
99688
201613
13152
941237
90316
607606
872206
679006
800932
564406
514559
879957
313658
584407
435513
658886
463248
890548
262078
424325
339605
817716
387290
227924
879747
872275
993868
963073
10840
620252
181006
194668
477358
357107
685443
461414
130361
739022
711933
921782
581853
55876
24424
903541
71146
421822
573590
277657
766773
714058
682471
89550
643668
912014
984020
402816
305397
739481
458009
373814
953179
924693
462205
113048
454070
285145
296383
692625
864479
484123
389534
527439
202797
442498
895237
826791
536822
343386
417362
599766
240038
540897
908546
768354
120181
153598
606330
578848
620168
430225
46516
94734
310566
903141
683140
851936
403477
345282
46854
398296
48529
984480
156199
128142
270632
689782
25356
394767
830645
594928
146914
633954
16310
788222
327555
111142
641100
69065
168962
95639
131024
10240
64851
997487
340812
659857
582682
859817
769693
782580
616846
831264
297571
499617
337674
572694
602274
192354
659312
71634
632632
307778
442
629217
514235
187749
911646
828220
213358
883889
499805
305098
697504
232618
683817
605052
31650
346972
33905
856406
684579
151345
931210
617358
679658
673442
274107
591117
801582
772170
784549
754834
527381
422487
489869
509942
2312
689305
340680
18122
360239
666685
119170
596828
828110
553683
785450
981273
92539
667402
315134
973708
271163
617598
398574
963908
931257
410024
83312
322004
379554
631156
858463
53428
402208
820848
100816
158341
982064
917792
181684
175410
21090
404654
66211
26418
452525
654078
813899
964265
354668
907936
383412
164334
251129
71391
110511
385960
832996
682294
760347
673425
159633
327138
771091
584989
862763
211859
604279
416819
99016
990780
285014
554394
842011
464650
96117
295343
300816
206897
798270
994962
26632
309729
16136
200673
852913
536087
161023
110236
559872
80912
584176
710120
324430
384089
327412
175
767693
840451
885366
970340
806949
922226
171746
630564
115695
181652
989867
850104
245901
765486
347769
158711
521827
354513
857006
908616
376695
583724
311828
62214
388001
230651
573220
612604
296622
245789
63413
378703
780759
819332
285632
465083
10905
419526
735884
499702
46833
571216
652986
849328
867446
865593
237039
469180
108818
257396
911897
57544
739870
851104
392416
694472
212314
979642
437291
793394
195846
994610
327052
418402
943903
283611
11529
474397
627001
135867
388744
956466
117621
300162
908630
701052
462688
600024
94612
783557
937193
55247
367294
870405
548604
78328
882393
103816
969855
390737
807353
101485
64360
864668
235116
479306
365881
332042
572807
119277
441113
479446
452747
347134
360592
846639
46962
467968
795039
120205
583452
574518
664378
967077
473105
739106
117155
927927
875762
669544
939428
571141
896257
151250
283177
3742
222025
420845
899127
562136
672556
765072
982477
296219
193607
683580
764246
754906
519812
973663
773255
61213
299067
169971
359835
539322
682629
690819
693161
679267
711136
496846
397790
304152
371896
739588
273309
29565
13592
843117
964912
104454
356140
627433
212521
495054
905714
47762
938841
726663
973373
547902
868396
730188
545254
398624
912096
841107
307855
830670
983520
219902
336725
283229
603137
519184
243090
838440
223960
383933
898379
990448
301301
87258
931901
101661
614145
324403
668607
159331
562159
225339
942548
185472
428642
414430
827407
801441
778587
411699
497315
666148
886237
846797
86534
88184
233248
982129
474242
290017
785709
932129
103896
222552
375772
698455
118033
968591
259752
846093
254754
429970
503660
884217
268859
696905
797309
387479
837932
183514
852771
578078
761972
924267
71924
44372
962408
395077
987407
373053
30973
11988
725234
843823
52146
49867
753337
161537
124764
774820
632564
158753
126671
984645
728611
591045
696358
370878
296016
2170
28400
182767
961481
237272
274615
734087
287609
457943
458094
239783
904611
747770
170870
356325
995962
333737
72845
220140
678367
694364
831892
154880
492087
302003
134395
202271
429672
212964
354635
595779
494705
30732
255567
695428
610403
910694
135520
203867
477504
294937
340108
17090
165679
59691
230626
592566
286616
520276
995997
950942
448418
159917
450667
778694
525575
393927
236888
354116
422096
997912
288988
443899
346802
477393
530493
932798
425157
230539
58786
461708
77021
52319
486966
386553
513543
294484
76533
962990
567458
242035
300246
148039
648919
856503
830101
822746
978230
63777
440156
630808
250030
779879
295949
796555
676649
350604
194351
753023
127938
279947
992242
188925
254564
540973
201568
856114
451776
697722
665827
796783
565354
508620
107885
802378
179857
196159
567752
452065
585753
372676
308346
816126
40087
148053
420436
366422
466664
227907
426263
493356
856942
332523
576260
838931
679400
301703
549247
981520
766957
451808
107871
908702
171141
843937
219285
340234
979812
136967
26550
858623
67396
774837
240614
800348
582366
66980
889059
326209
464068
813112
497963
822697
119454
863853
85195
94129
851775
899952
652614
694455
541859
478602
967006
893214
841223
812855
928577
217389
738213
627477
476243
408663
757835
501368
608404
805781
191447
493338
378030
769135
201809
351536
360478
447451
309733
158615
756796
942908
410043
415917
77480
795531
910709
338493
516179
670419
480516
923986
9575
851990
755880
164780
108180
215629
414018
886481
854713
484557
794839
731130
978859
259397
240931
972142
173860
354020
573143
960749
538827
896535
450994
944194
659227
575984
690807
640700
264947
25570
221520
199478
417530
415913
179327
299281
338221
887431
709885
181699
937415
114152
703281
430665
400524
345255
827150
920440
423665
420969
784137
850033
158251
22375
474358
354227
805778
55178
501502
971
856498
949423
168383
120934
612079
448458
997824
56903
368530
732006
742543
345171
636468
697866
739322
489482
869445
547640
383334
685584
78585
567823
576143
210793
352913
371728
660636
864068
953602
444925
595998
608622
337155
775965
233317
791399
661432
230429
446911
955154
102902
6417
422542
835333
721523
744791
400581
204609
880395
762332
801727
83643
916593
240824
779643
279833
164144
936565
387576
38456
304093
582445
631465
308266
245852
800849
676374
957117
33163
562310
494799
2038
706510
304105
679373
732509
597880
372979
126566
653810
834514
301176
539372
686013
310476
17098
363108
335555
940925
419130
79966
51156
843801
204606
799157
290882
76078
148142
384741
179948
2714
851881
931460
674360
133645
822165
132831
61087
780151
608451
789490
746401
469774
765104
127747
171290
632829
513063
618587
97133
633900
465028
716322
822556
30568
158100
860118
266874
590512
536025
371752
934967
781211
24170
958835
395227
783529
381238
743129
759758
98980
40105
1212
372243
302450
974439
485590
604053
702202
731381
497334
584986
441201
356343
250648
3284
377984
450900
410079
346582
926356
937973
466353
858724
424513
191789
834671
23651
542355
292723
83472
983151
644275
605066
644185
416523
540915
829121
31483
55347
815990
555542
190088
740366
5759
488374
174739
349440
640340
788704
697124
755611
135118
12071
673237
889973
330752
794774
115597
777940
116930
396846
402070
535174
179865
828042
989596
258254
43140
291620
181380
731832
406246
937712
242918
637070
382667
18982
962857
747619
379544
338205
635834
355724
29460
491219
337896
44719
970061
886345
404768
785651
558312
627915
692160
568343
745609
93005
915609
134559
66651
103537
613190
897576
635068
234214
48547
223325
41672
72618
173292
860482
714305
524399
857844
516910
882712
825116
916927
665493
784538
437226
182396
518275
142458
37871
936994
931173
927159
401592
869413
988674
225706
239374
432661
304519
645614
914139
324180
401087
737835
280487
981362
905761
836801
120123
860775
245955
951822
266790
36908
272237
869469
302237
657206
270728
88043
26877
591760
814262
764119
712877
576531
281851
240933
675743
204421
382872
432558
186677
899404
890232
221096
359040
722125
343236
358798
853283
906150
182545
918380
792662
707587
822009
210313
107335
700769
107335
467760
417754
76957
560780
678685
704465
592056
158158
281729
766919
622698
38304
106546
132375
137759
626381
493875
410138
577106
891374
229019
691852
884869
270107
604004
852688
274586
119358
217298
413386
319121
401667
924093
253802
57759
226603
173501
631305
821159
605888
166514
386795
308824
143651
974317
302180
21218
910913
809471
423064
139925
451940
159836
744667
833561
6758
603818
470391
559108
602816
913900
767691
207259
195712
193030
54928
218473
337561
549996
122167
659509
69972
704811
906094
666658
121061
882004
205954
351976
447448
316609
818335
544171
782506
108869
905394
680117
174772
677940
787439
253525
929218
324811
483182
775507
251010
981310
600945
822990
330904
879581
590208
553908
930191
282722
288821
283038
767721
472217
785108
362438
326743
346668
422290
215461
527876
590026
916087
894829
150155
126452
859997
987616
254282
66852
370776
840524
951822
455386
853040
319395
808366
929924
999433
437563
946739
204680
376804
967902
557556
155250
807422
213583
767233
379765
705494
440474
679286
752032
853772
17878
854255
340638
866917
519867
311002
623017
683051
271834
318503
731085
271601
181501
375324
925845
859700
428955
218758
696852
653214
372152
964490
994065
344100
836119
353050
137168
197198
690973
745347
671929
487575
994308
638306
403112
635114
893752
347831
786768
945676
270289
389266
458636
337625
794542
356969
265284
512231
692778
397643
215864
899847
663422
869231
336108
423722
438003
27686
385264
549151
313858
383472
481483
477114
418058
359082
864195
158545
973804
217508
371212
581920
634759
810257
342987
19532
577803
35160
455429
127301
80828
576839
902825
849732
746885
314663
777142
997364
642166
585130
414922
193709
230940
292097
126793
55899
197948
387466
469094
689085
463019
358375
990417
941257
595341
114154
792189
312749
700456
344044
716493
508785
98468
371005
826330
962424
256545
181237
519075
498854
839669
851241
36178
429275
299073
981626
993511
523292
969198
291783
159427
566291
430857
508098
687379
990253
216569
305184
631895
822817
485273
988266
609422
643601
873078
122609
403456
449353
313574
243678
412648
618084
722115
526119
993595
773005
549187
387934
779737
156067
443253
970403
58255
520950
224474
179066
634119
54702
916190
230775
686285
904908
405554
85334
847614
57991
193351
912359
60687
3608
702312
696742
426807
898386
415028
553193
798842
388008
536631
299186
5587
477587
601253
524516
631358
652107
439602
415251
580319
674994
841361
128820
621330
814160
253574
263284
263376
853305
936106
148004
138234
845195
878715
447825
901062
834388
470365
149298
853123
359568
668530
174266
483018
495631
793105
383950
282947
525045
692901
441553
439505
930972
72997
445210
105435
961492
363
184391
409336
581322
563956
375211
517942
405318
749299
525794
577351
342990
747410
41350
183049
947752
511622
225466
291505
232445
614797
369379
389267
360985
68423
849335
205520
978127
556718
343341
232412
114810
212532
105940
183786
831774
75895
764928
363767
260716
831588
642207
545712
349284
316325
651433
433665
107285
822408
958198
295739
707072
273070
974889
472289
249627
300139
837962
359376
569649
476417
680114
745480
803814
193140
285279
287195
659416
963338
371879
363824
870562
250465
417802
904052
131130
250092
619296
311391
663674
747084
393201
620126
275324
211975
521507
425763
649630
46823
541582
155461
757092
256305
379564
7252
88445
745024
69100
539133
141534
168127
873317
307030
981643
17920
245032
299016
229620
275579
691502
963990
207548
940005
327536
632590
356628
95980
47446
12170
813830
615565
215687
463523
929742
489235
920159
868852
981859
527341
147134
640838
873107
398826
758781
808477
221644
763155
332220
279070
281719
960165
46103
810459
514430
851945
761719
983293
100270
283890
520260
601357
953336
646835
672440
457311
777874
689722
219727
121499
884219
198093
620891
732777
527003
743327
967412
336696
105992
131631
867404
430572
353381
241150
918560
595362
297189
322411
234826
636320
373101
77548
14643
539806
940824
150059
26727
277227
45652
162555
117697
43454
154665
986357
687749
946906
900890
894451
394508
356956
3876
150824
912858
358756
580387
974363
630475
671070
65684
472574
554668
825452
653941
232431
917799
983602
105545
180618
207318
605053
946295
925032
320376
333200
981522
181305
558337
204877
996468
671866
911051
874557
132291
395730
772139
33468
440469
760143
17694
857284
606512
320504
305123
133716
380266
602766
747618
492860
698351
801956
746057
827144
275681
228440
747320
785159
619610
469165
218194
494583
69069
320518
285172
930638
25610
924865
316738
332647
849504
435694
646749
979399
700764
180651
650417
529740
38064
401373
965738
606193
448431
172749
815814
364416
861173
518685
53317
253525
925796
703333
226494
523466
291337
974574
2124
726916
902364
663177
589029
532313
823590
164941
496074
114973
10941
851052
629146
848008
351147
463217
501506
562181
175597
886489
611855
270681
839703
610635
2404
973102
65429
104180
842695
686652
256460
963267
117013
441299
220126
522750
946582
27015
867085
809215
490987
937272
558711
584783
163492
873084
115519
738142
107310
131692
559692
985180
949290
965064
820139
236214
403032
37447
164176
244848
288370
960896
709946
216859
456981
868654
415028
905012
999130
898659
671799
477209
856260
283276
502637
267368
943697
384093
165904
369078
973875
499097
30961
323561
720281
200063
711381
289843
509734
266708
163450
564843
886019
695114
120951
96266
725328
170698
443841
489790
537845
879331
345929
577774
420567
335118
924995
927499
125863
737757
503682
450383
307732
803392
686719
862166
501920
196404
663673
29397
18640
879945
523126
153275
169533
261326
867687
224674
733064
967386
27049
987634
773611
417210
535912
346323
738538
509618
983966
68172
35816
862642
556985
175421
521493
760919
943451
958069
89285
464474
930363
425457
398684
328217
676905
92594
2470
569472
327790
808250
787139
53780
596369
982754
83967
849052
561654
226907
550208
412204
493154
69503
391960
890063
504090
893203
902651
333520
117096
682588
662794
857957
522751
433370
849357
30265
785910
457509
86208
24404
680880
540579
304196
876650
74077
935460
618102
643069
346585
244250
319709
629743
448242
124536
730429
163496
892487
70629
927880
609119
836875
489501
397108
797705
719977
995365
692264
850716
343042
521577
992272
699583
485266
767283
64656
800080
676912
660746
246996
133905
622708
264165
751622
6000
948275
246730
414617
401009
255845
32968
637634
662330
870952
361165
737031
662395
888349
351013
356528
448183
977456
4496
715353
214580
450486
946942
692329
483643
264367
999081
535133
909772
152490
145807
197246
141538
31368
130571
618097
170782
895832
93583
427309
562067
654818
985024
402375
865773
90303
692206
150825
202366
626149
592495
5217
567655
114817
823127
872469
533215
97085
479701
991957
757091
840225
429485
391369
121530
3157
312781
55433
617764
890757
527311
193035
39071
878685
826250
354167
296917
100916
642837
341847
141861
36485
15769
931882
770252
587799
794642
17368
395184
557887
627042
893951
93769
892924
883602
562603
337196
999808
23142
170021
921653
621902
63899
665122
136913
293950
165375
908060
636390
181342
370413
404927
581791
923251
235492
164281
501975
844893
578628
30132
523297
479128
841444
255648
90802
772574
423634
5033
953388
272682
335912
37128
973319
43032
479815
612469
588318
931497
613811
547450
166228
194402
234955
32035
49569
38419
482211
384082
920316
407285
588224
770735
76327
818221
792175
18428
282514
877805
119170
310854
600621
511354
174376
756663
978765
467592
291880
463561
625914
637185
561658
825301
619347
607908
586178
508170
436830
26250
625833
60153
170736
155588
635802
136588
117301
357729
580950
839191
217949
787980
442165
809606
647843
502737
968826
12086
568955
680832
196433
504097
616408
19178
652455
122289
261143
160265
934438
67125
86667
543932
495116
325489
437030
143151
187239
557967
278144
433497
221551
547764
346183
851167
570560
955822
281412
312214
618610
602697
386246
438822
897751
105665
63789
228809
92112
75409
592276
610035
819020
877290
943516
618508
659550
600319
142994
830680
39866
748221
344124
105592
438988
785944
681157
916298
580278
86785
517634
702763
303844
272884
274784
357788
296460
661869
403244
604226
566535
510074
963519
500615
213703
359660
834564
981919
899125
448487
825192
967653
133224
712217
401820
775523
431939
249863
863945
212976
45419
997891
668690
305012
470371
900282
333055
288456
99911
326570
229515
82168
993442
781040
66507
557930
368044
619519
68536
962456
849059
696365
91612
378680
201732
846055
874198
860734
274854
113989
553609
88055
141300
469880
644007
181910
631685
13600
635797
884492
661722
623098
799612
185104
301107
911159
885612
201342
349454
341160
296812
903388
783357
105172
251426
814903
11106
262316
668251
431724
283338
123862
953848
759042
24868
97317
221366
987701
893149
603946
269016
205006
406809
273828
937267
612973
139407
910034
689238
942313
635457
149097
822739
621646
507927
952994
30639
808453
534807
337387
562594
808337
215427
354109
962570
858869
848784
68941
767923
358004
907646
396636
616123
191024
805720
482473
728101
344884
68746
439559
802365
125197
14298
563145
395298
491795
974277
719257
475189
42885
648823
804456
805725
569618
723558
988031
842804
710068
471115
216564
218385
279735
808254
351097
375411
561560
614317
854991
198278
90696
681272
757464
277
39440
928172
289161
647181
955598
904667
548094
423594
759389
799188
264807
52352
784467
740548
540448
451112
292195
831401
15839
182981
19171
768559
523142
828658
871081
48297
707801
587658
539982
232685
942345
199891
210388
510348
718127
919111
140516
752300
330516
101633
97200
155141
146669
895937
877879
567220
840484
569116
742438
538687
986385
247171
186460
507302
867911
906477
346310
223074
341643
802660
993577
657277
847648
157802
708671
966797
662782
375749
550968
640270
179937
31854
51553
800411
16957
124818
816098
508489
72078
243459
909218
576864
331214
401150
521797
838903
692608
504793
753621
142955
728554
430921
374270
577211
886175
596749
605491
717123
433402
795259
705007
86484
362983
705381
398550
377452
987739
319848
58170
47575
123492
294289
210041
738337
622682
628395
367107
233718
213429
467241
333177
759449
40568
288492
587377
858557
608971
822450
864726
880003
503975
781276
974572
158289
238123
313819
74034
122635
344779
561142
532064
183153
