947834
409883
525753
864709
249302
318169
834093
659827
632937
161360
472954
372731
671601
53037
885497
19726
128036
851890
610752
844035
588133
493735
179888
401887
877987
875566
184091
77303
197263
448436
51791
925420
753655
239043
107140
762646
46468
146549
292958
369660
28556
259140
762974
411454
668949
124732
126763
910102
532903
498577
925497
379251
36877
829069
536916
394885
457960
361762
962635
716759
521199
171741
267643
904789
276742
225595
75511
832367
107642
940374
223441
272918
158167
698936
203272
772452
361894
547985
793294
137752
941063
824195
525492
173118
778406
168921
937972
799789
864989
101720
94490
131114
51558
975918
303185
616619
745339
648327
204102
95477
998413
204415
59835
792102
557853
354737
597738
231439
280377
585454
976339
694905
147286
933770
130788
168649
415623
342352
980549
288638
840024
169429
639869
570390
943113
103146
168388
684305
200042
314283
277605
394381
268112
312180
217615
585168
255921
400948
598074
742052
398689
902489
597041
338077
166058
36907
890751
226934
344193
759861
669370
108570
407659
215709
954215
210686
172780
879701
270280
777899
754151
633322
805641
751129
851927
294074
433667
360055
669288
23363
51690
654536
735795
368854
895066
431335
373717
100265
650809
996139
164267
46668
112392
191781
488235
360372
739980
391622
368994
580531
957011
875870
507462
120457
438309
338623
22327
718548
962633
682816
75863
477026
483696
760221
460226
937959
787138
865788
149164
988042
694084
100234
577814
738010
845731
646340
989549
655006
365024
190738
402111
824009
966231
179661
313178
675340
178477
583970
507715
604294
240405
651982
84624
422103
912639
158345
208675
894482
484447
921023
846147
897680
667029
494329
193304
810977
463934
853339
603651
341854
574999
83590
510360
140570
323401
488285
329081
224119
361557
531365
742160
39892
658460
403014
936424
959460
734924
334190
811048
826650
430883
202773
616942
545216
627105
721499
12228
696615
362830
944909
566914
552505
439653
6214
317632
71530
980892
552754
290997
687501
366609
108206
184241
605571
485202
897227
318835
9678
779465
255794
65704
287043
434754
235105
280193
515038
307163
270803
208495
226672
369479
888574
608830
449843
209470
274358
805067
572606
684997
341487
603235
794835
545877
297888
734266
600534
381803
253378
724293
522585
725356
616567
215476
243474
703090
932616
392975
326574
789303
934919
7916
511550
451996
854355
380426
678992
889879
134010
560014
849497
903864
187449
151319
806158
81878
732190
835072
203217
934234
683854
93361
350344
558951
63779
310370
316490
69413
727149
432430
796211
657065
523674
56784
236567
218370
835376
555068
326931
209443
619638
789468
432767
434280
846259
448037
916735
768583
92238
187542
724537
910612
104340
99405
951073
230448
572953
721990
610735
607759
156277
632560
468978
844517
936943
694318
471166
109613
485816
474279
191105
403734
396558
832906
815604
749258
534145
436385
216749
949083
27155
437137
408529
985677
700920
300140
403174
127866
873532
642739
110918
891110
655364
963307
959919
545440
331820
845018
732920
381905
597904
884190
556702
229668
590886
472299
232765
410002
360521
756639
300762
893704
234129
736772
293277
255992
817821
701665
668444
587001
955058
253117
377298
701468
164221
313841
332526
466572
681844
749481
244360
717665
541531
700663
799278
959041
87267
421395
100509
218675
609580
572211
301515
105666
736043
633539
651937
58762
253543
869250
133191
669730
108254
775673
936599
384357
486404
170968
288755
297567
12267
380526
895538
174673
630334
28548
848885
504417
650663
415959
565016
468258
129105
343281
318788
263419
255111
799075
43106
228534
746811
516001
398122
239911
144739
197050
103257
589559
44862
181618
526913
819340
994677
116029
784954
698711
515804
13402
257526
40569
679447
581386
64627
384146
855705
740973
76361
90536
202312
763639
228707
206577
165245
409363
993418
464254
537191
556564
201757
754372
808463
595988
943837
680071
701302
613419
564325
621412
89626
529102
415542
274620
717143
884929
196784
728249
61739
894842
6750
764158
377298
781268
413800
326511
73168
369964
80939
290650
836237
706652
997286
875008
647578
45714
325067
227844
718674
555340
427126
492719
283227
246962
854969
662686
144524
799887
598805
111177
771369
944429
145798
800048
702345
313101
870262
214243
649304
202752
310545
449582
975097
188901
880312
569568
827843
431616
977423
494583
453677
368051
286513
611114
924612
893595
381699
406035
48600
668873
420774
303414
283831
244251
356934
959858
215825
158135
137103
364163
532667
556963
630848
753137
752847
65604
743127
945496
449328
917553
947692
851093
700843
556276
597018
339402
41464
602845
98392
779279
821025
279042
557541
483509
996666
3670
947042
667704
67022
620388
382649
568000
887514
751081
57851
917076
336242
546764
290184
209564
89282
517499
987495
780689
565552
429027
463734
438403
672476
809291
419707
656326
482441
972878
825688
354426
205333
96563
513885
932598
868580
454315
728888
265233
527323
75686
659655
811340
972872
761938
262414
631391
259487
50353
267780
193118
517664
762005
264456
513224
641300
719483
396529
113645
121781
101762
415939
131513
784557
44230
348669
263840
337719
134045
606863
197096
643362
512238
884584
200910
526644
589161
807918
216790
648939
426342
741383
53298
866463
112606
173780
183118
289667
906496
450750
551414
643274
531441
421352
78501
846054
76899
357572
92267
974955
97105
335873
916730
141330
27860
39970
366029
388122
530597
282986
767348
762890
882928
804276
419521
816977
489745
716511
462025
271245
449517
98918
342935
595690
941231
412045
784307
245283
590494
218295
249866
547940
311960
119253
668346
648016
606190
728825
147388
207198
547163
937864
584431
151006
650401
637582
861885
947610
94530
543148
477164
239255
196760
471980
747203
858363
175121
216501
504214
97288
714699
957466
340785
998342
140168
616780
606173
478848
17742
339056
517841
902500
717854
359883
108473
613646
854414
684762
708443
818206
448453
881855
234796
562117
573395
372949
604462
860383
870251
880228
790916
108859
374398
279408
268820
186550
685876
580844
317015
922628
809993
588684
579072
525840
498306
154168
268102
128060
44427
71196
253328
548481
174191
794268
240380
30970
996467
548901
876684
107516
235407
569375
673582
887069
782538
381182
623591
59414
374513
683704
264347
872707
906163
90897
888571
17863
98396
767250
117387
621900
959084
413656
308943
814312
582164
362504
296721
529819
900236
533600
487378
405813
459732
233449
577739
711316
688005
871816
157790
753931
535186
179572
568734
906143
587233
360643
440504
622507
811904
260829
281020
401251
204933
670289
72972
43317
393351
876230
91103
664843
754034
867977
39026
229421
885899
925574
793165
118212
375041
890386
286638
476793
728620
790501
95316
545788
951845
4581
846057
323489
981569
163037
654924
589476
401002
511308
52027
962893
398684
918234
313242
905391
755961
629606
280802
334154
264458
554810
329769
499024
384979
99360
998537
901637
46098
106958
393968
552127
824851
836220
684036
488653
981619
589975
431153
638836
654959
919501
136592
216725
574824
351945
823861
782250
100853
954489
388501
97007
772645
41290
608914
575389
120336
40309
918757
793105
186648
565043
528295
528844
725505
527244
83644
340115
737578
255437
959964
852919
472424
122136
281663
46319
718270
338261
190565
852321
244218
998663
158271
937920
663406
256249
673533
789454
105802
815831
169845
279427
923475
422040
822701
747462
55362
831193
961157
344856
845307
489286
190916
981840
514216
105521
338685
361152
633970
639877
208925
916791
936668
597779
914452
598304
580796
946635
750046
670408
582550
617480
515885
639229
479446
374018
171253
580049
574762
277927
521491
267582
678266
274819
180059
279203
819461
395547
558589
521005
162393
602074
536146
973009
58094
177187
782153
534517
636384
960965
198249
500974
373896
63564
656322
900388
710070
171764
140724
52882
484556
473145
348251
242154
643066
294794
659798
311702
392977
649819
598962
859736
891910
741146
81016
419858
353158
163769
772048
520930
988528
361642
460177
574757
18868
448361
450790
469469
679174
362419
471902
910061
796414
352340
758671
537985
357839
349278
544040
66954
644065
770485
300434
19367
644238
558344
539139
382367
966518
164634
164511
433355
829824
903934
815178
688145
628077
768481
744463
344266
623834
996737
793318
928901
890130
974396
328805
665125
11597
76483
626822
715877
320394
926765
98001
25596
161540
674024
880678
420636
330324
811082
287721
823828
877410
434117
133962
190357
138313
111609
993583
167633
181191
494756
896769
745279
777757
465845
650896
854203
679113
718398
634468
483979
711518
647239
841825
140925
631997
860286
172693
907052
367794
591436
980642
61281
591597
105220
20611
947925
158619
920501
687740
700885
684384
542495
127138
283582
38387
759490
195588
842344
267735
901969
954869
464607
929266
272774
96375
426508
769867
40975
99270
558899
500005
127142
548094
779926
609906
962878
306409
572982
215094
4889
474217
589433
556858
983543
399423
343783
525160
98152
988085
968526
419722
883331
851118
508422
810586
446511
718216
663375
897541
288286
267179
384534
66881
241498
302577
475287
294983
963255
62450
311260
267055
559464
111786
129763
292136
323438
682889
825821
742928
430891
356440
640339
111926
807573
221443
669283
577129
29894
879431
466025
934909
139567
45817
137785
35034
537069
212656
407944
497920
295668
931344
128490
425691
315304
28468
844981
211838
908810
825015
882181
965439
345423
428383
495706
629232
13325
392551
210011
502837
506702
467816
657277
521543
976135
487011
218623
505348
896547
589037
942349
49904
169976
428663
874756
493132
213723
904953
61717
63889
392271
162683
453059
506825
638296
896512
648582
268043
738414
426575
615506
305553
362189
801887
482673
497143
722281
968414
114765
638226
714303
295454
971338
789419
326919
628893
778064
253079
795333
633071
648422
562484
35583
603978
631609
248962
774089
819438
433405
897179
419388
10479
165739
775568
917509
820768
471656
416674
573593
662046
256838
862234
731270
128054
128547
415878
594981
755700
368687
65488
78828
947081
951244
702844
364000
915480
379086
872189
916967
207645
298913
346933
908475
375418
65162
252104
41147
39840
138310
70939
561820
111958
996238
336879
182268
686889
119228
911508
202903
738480
412615
663755
540498
462715
309546
985020
109813
447448
102756
309200
563830
357889
200728
8364
735344
184101
131988
631051
93619
79377
459694
525495
149044
55291
767627
476772
866789
866859
871673
756969
7904
575111
112252
288668
714301
192825
768998
543304
925314
228031
649119
836877
651706
776078
176005
293461
868062
611620
945772
253358
971184
311785
95622
34185
723815
97729
635742
533710
532229
775345
643519
166170
544964
242731
348913
639318
441710
216055
341603
602933
417676
299136
545444
456714
135926
815993
416843
920003
2506
714410
652983
513990
448248
630875
320625
601830
544825
887067
477806
756482
409503
530925
726640
696570
573576
931088
290699
866447
545900
142250
496005
227926
84054
519440
656599
429529
206064
553652
394960
959178
187446
639852
812633
96805
716877
437851
311827
388833
521132
239294
354012
641298
799480
710805
361649
296926
347438
176748
460398
193433
770170
279940
260144
76096
921444
674467
737371
98767
489002
861173
714039
191551
207016
58590
572853
995424
675956
102173
116304
732238
119814
311838
258895
792659
393556
261084
898150
312281
381628
450672
685116
448906
722459
182331
874312
961542
936763
890285
301973
835392
726249
36399
751716
774838
233443
470195
796336
898379
868400
769941
941644
41410
528394
663918
446313
391193
808567
670198
66484
893696
975414
712083
440540
161588
436948
764546
801841
195389
429790
485089
807272
656896
601904
410006
258171
220033
622700
698848
287789
556473
684359
32696
707755
310160
362941
815011
69902
75704
561509
441687
76989
783462
265246
703111
691376
181228
941737
348429
610319
446583
659985
575347
284024
262243
914053
795807
195296
679350
594886
196952
421201
998080
761531
41849
791057
438093
729058
337585
560675
177476
454817
993651
798055
668575
418938
340545
159132
861767
123485
376721
661382
799179
122648
119833
281835
511997
543978
434876
819895
444393
541173
734992
548991
595827
618769
901771
644386
782860
312189
866187
221963
303376
434160
112255
663572
811584
974478
430133
824453
123415
467318
407616
899962
878730
470584
750917
614946
324385
637988
397347
301796
436013
699133
252156
680156
661093
519501
57572
92930
488929
820818
542694
12459
656754
209622
642605
404458
184284
352732
765398
151119
724145
511926
778703
321295
626123
881588
945644
585284
147365
587062
412614
4235
773590
421923
27792
5707
275436
503026
961528
891413
432801
942630
541429
161063
354300
931158
53811
764299
525959
318570
745241
446493
926441
310754
263859
439273
624159
6032
180289
973618
199451
898982
640859
586576
852345
881258
726207
111345
198874
678342
701497
120831
75551
104507
514093
388066
833540
143798
626948
137181
355414
295739
245233
812819
209938
92030
170591
47020
620636
72848
679417
926227
901017
606646
389333
63639
49129
331542
49726
168241
433348
653131
489756
297381
866416
876311
983746
474497
903452
731704
844244
705986
260381
564755
589459
980246
59202
441229
946695
593277
55125
412089
828296
126025
590705
765099
769960
72900
870843
775083
912256
196592
477502
872454
466646
255529
651815
80382
724008
19559
369369
723745
139544
953824
885998
863607
259699
534474
150220
67925
390879
589374
913055
684942
147105
473656
301496
902985
269001
483835
280386
802926
188411
823633
654876
896378
495450
226928
471896
995763
218130
415416
104784
55221
366338
290393
69855
289706
156101
542482
742851
160472
209180
730132
354573
981268
281337
954949
338242
562708
388842
927712
465234
673250
852320
663481
682482
685421
239388
340638
976984
948026
390709
493722
442707
576631
274248
855251
577988
637360
660604
187347
890237
488602
789808
241571
350580
788109
364676
18323
111075
376783
5633
473303
299904
630795
920934
675084
312788
824929
648080
221080
264250
862999
451972
134766
948535
280237
55900
83185
249072
585549
153741
768432
370508
734113
192977
648208
126247
80447
38325
138567
57711
36672
446209
321156
571167
627374
623487
592941
634326
208219
922346
974592
621715
140686
276341
286747
865295
544729
451316
446486
510647
255814
530411
547150
919109
896496
6322
930685
866426
962797
588097
439621
370682
59433
215454
225548
740548
956366
375456
950400
60172
756767
175902
339131
19510
140260
566521
496706
652977
564992
537155
377576
787182
169502
940107
187024
765180
828554
866247
586639
490178
949404
705244
471024
911576
283342
475660
738769
691586
66287
593148
495850
360585
17393
124449
189870
763192
985244
617287
982410
585776
610661
328190
466634
25448
477017
107873
457563
821381
232500
714052
532843
621778
49998
685177
559724
766684
128629
143615
281208
14381
222934
214664
397711
30691
763796
118822
207931
894316
783547
610065
568725
410719
659086
259863
708768
431866
266300
494176
434322
308596
982257
914205
459635
983679
370249
60621
733791
636828
717984
739692
615525
503834
703429
61496
195154
571500
56845
525664
905032
981990
396611
663820
263047
645972
857085
483075
189710
745399
12490
388349
60890
34077
677319
525638
575693
665820
223441
345612
868650
319530
147732
952773
532157
482588
67778
971903
603032
589625
341920
1221
909367
851003
590714
678379
113477
907809
167799
876535
173880
434995
41415
873644
723415
457300
784440
402484
125211
300541
822248
475561
823475
476316
716885
277312
422562
886728
798801
709522
611588
490207
841489
210761
411182
413502
992100
286883
804146
877276
552000
67558
180033
818115
330487
274913
703404
605484
814665
513242
942595
917623
63508
711001
185630
74116
757799
497040
710970
176177
568628
192805
244154
308656
148259
793950
451343
920899
751299
117032
918835
811863
334491
39620
557391
38394
225311
445199
897789
129659
604542
474924
844967
966557
827672
753743
266894
13687
326605
724457
43047
622315
389937
950635
420320
651969
48156
357625
533120
704863
364125
292270
39852
147815
301198
813765
885829
95213
846530
985898
842415
243091
247131
436446
316909
920836
887609
908481
544232
530249
724173
319679
784015
256779
844683
480538
150039
393318
27518
779919
364388
952997
136437
78248
966144
647456
399579
135005
974663
699695
706724
469352
159398
414730
29092
693348
261944
918655
299386
293281
254223
297486
196969
201542
535316
230180
295686
702243
62150
410802
559181
345555
406686
424554
969103
801930
283027
284310
522567
847041
201849
149909
854026
915131
340613
265138
533916
455538
13547
665506
16863
357155
144616
107546
435750
685235
150044
930123
561255
928317
747471
497723
458319
356025
299988
684481
74160
14090
567498
960669
608405
239267
320959
999793
578615
752407
733040
799200
783944
26237
249388
340482
275692
152188
797783
450625
966727
326649
897737
927379
89009
413786
723734
480532
213382
603637
898089
793855
240091
342682
814345
544713
758603
983993
804798
296346
456623
781298
16844
906728
999468
101240
295902
150002
913701
592608
45886
219606
144337
417164
226049
714064
723560
390126
960384
377488
772344
156923
597952
100407
381140
524206
243123
387245
991915
144054
525976
643233
793398
875006
565181
101726
978379
963030
466917
983367
395279
468419
23364
85359
552841
361248
991911
688215
326225
678254
992496
281349
173223
558976
541311
838269
152095
354876
646061
379999
859834
770638
941426
283612
855121
746351
714982
562262
962091
729805
949220
781140
190381
347864
794763
611551
140337
540969
936734
93883
21295
720462
431051
413573
407895
984310
946697
860518
879809
74486
116826
689777
436476
571510
293744
493023
565187
553211
82988
892644
736462
146513
532865
325485
439300
299860
136247
105529
179853
514267
16652
11409
810694
420290
644085
673637
901262
194195
313730
828101
592893
702800
901983
550521
686325
71328
54838
507837
988944
888468
112882
767964
251705
816340
273951
357799
455702
537962
376109
143314
897443
896363
74900
499436
847898
205117
514065
556090
870862
836042
274190
368046
753688
37568
84255
567689
304488
456833
648041
861898
799549
256046
667677
719185
248367
908811
420386
118293
64489
302543
872593
347007
992757
796939
787481
139937
563888
314932
71811
13654
720092
737487
798993
720758
186516
827064
388479
695030
934810
365070
765355
95195
15820
447806
16720
767897
212982
569963
433646
663820
614401
664503
583430
803602
408392
136689
16385
251331
870603
59099
370160
106318
246460
511830
182766
938353
224567
218732
884770
789076
278735
872826
930465
387075
655811
243000
704432
783366
627216
31143
691751
222111
21664
247062
272689
252576
828192
35984
919727
635430
314543
201189
750524
694582
628722
27347
671755
924914
922244
964114
167213
705207
582027
461817
304048
241366
760486
623056
460833
721966
30338
34355
255537
128035
939340
58399
776629
914877
38785
984796
854983
796255
824225
730055
734730
885985
902017
318779
139
674957
682368
187292
76932
422387
626705
570623
571322
965225
300407
857977
764870
941731
120464
505283
316144
476139
277832
20359
423222
156092
987374
568393
784429
339841
760611
758965
989631
460389
22575
329985
602386
321110
719917
171262
384330
487452
35431
704129
202724
618128
419836
526312
227523
497402
891134
444747
803912
289803
629080
477185
994330
692915
702764
556044
793797
813216
757627
490850
688062
728405
707838
66072
603205
798242
653201
478893
368547
677381
950287
711473
764115
401757
145593
890385
947837
543303
872079
133247
580381
341272
362049
400322
423298
182837
912639
996439
564083
208017
734829
180803
106092
139652
382514
576694
581638
898565
317104
222621
552308
660996
736590
908933
501993
970982
786160
270503
721431
167646
52488
37588
857107
619109
654598
122302
388053
324437
975019
290592
120091
837864
183803
582923
649324
971336
547217
446927
80058
361426
154700
185090
268577
813228
61095
567536
109068
153023
959079
225375
254646
269267
293997
30589
99470
864774
229355
217640
319476
406313
604083
42522
917665
11191
273899
41583
951971
250291
122205
439445
985413
517597
27179
408655
251789
512464
184544
180197
699422
653115
210465
215148
198462
480250
360770
247470
804466
756624
509621
10933
625414
301187
877469
534585
273065
12436
68160
550691
986740
689946
762779
291453
393739
772026
405904
413817
740764
270341
504699
577243
480389
619310
262818
234179
737106
163686
53770
902491
116324
163030
962918
3033
428077
908665
5227
111409
163735
395027
591295
359259
312900
991569
84367
179260
157616
222846
982784
141236
57139
501216
666557
272387
150371
644717
469423
664792
898327
228397
994827
644152
897862
108333
380932
702407
98829
624925
863906
345078
625935
967
622315
94026
237047
931500
441021
174085
269721
733309
891709
653491
113718
385715
308586
271570
411614
243339
217163
296991
65520
247714
802311
321593
639677
193448
830739
276468
44747
195652
324997
403261
367157
390340
757448
42853
177455
74303
129960
561740
831208
394698
570317
11371
980104
890323
572357
79549
823385
730653
634042
987403
48002
878872
694595
453075
825069
311068
575125
477268
554186
530498
864858
649529
811885
997407
648666
209887
392083
141086
51414
990021
568770
122041
396340
458959
378254
233876
117396
71223
737399
996022
794176
484176
304
873892
288898
360376
67387
848220
696912
517978
861423
31595
34403
799453
264028
663915
28838
793133
426501
971037
859913
545380
289355
157151
931572
234196
202603
542794
932121
707892
475550
261610
129378
989220
768799
652698
344266
266910
252169
568956
12488
256443
74078
850899
464997
407007
666212
349949
526958
753923
958185
687184
54534
722717
981672
89999
358675
106478
453764
534984
682712
987432
720689
733134
887267
239225
669106
885967
379805
963640
33468
566161
401919
747755
32186
563469
479396
521203
443050
771048
237305
325140
328037
4426
44240
259045
659131
336477
172756
834064
262204
327076
858071
804807
84308
171701
763271
356740
239886
25749
942720
275194
655097
893486
330171
554845
931944
449455
206179
476811
392210
343680
849736
807574
468250
610977
217581
311215
111210
167198
484027
472432
743736
819377
870937
95557
403627
939252
193619
350840
263894
943937
980535
871768
289570
717352
850303
591622
364747
479436
168424
920732
626753
762650
344609
977978
484718
822887
954783
562926
298135
676325
58893
380415
526748
622402
987809
791511
764633
416030
175050
257034
412591
518502
346757
717703
571165
698130
150607
142362
284423
522935
506677
37851
696089
599433
634375
563255
766597
762929
29739
708504
490472
752391
972109
430132
562186
77485
313140
75823
58308
342599
196464
894062
92604
843930
279920
865849
293836
858688
714544
799180
579073
325701
578063
914427
143743
565154
671678
679167
70530
263507
634260
284193
797311
505495
62783
980097
605289
466116
53270
515651
40783
213764
507977
939799
464802
840368
565114
888612
205141
231175
508260
255633
865437
579339
771449
231792
276440
114616
667659
400582
262858
875682
759520
425275
824898
310954
419688
52123
496411
633500
671114
428742
763166
884456
691226
427834
50757
3323
832424
269243
383258
925754
748210
436637
273406
374171
698745
934062
886342
878495
613232
812610
3776
569520
519889
938011
207507
145811
735819
689653
80900
349897
582230
193068
472597
809288
148838
693963
158984
552081
276221
815346
422593
977582
729051
867
904009
580938
504145
807913
151919
822124
74100
29733
24073
507857
579244
362806
268760
156262
659564
199748
58889
602527
94460
208618
13784
75831
993265
194302
865871
235012
158527
516285
588013
230198
682597
179480
892001
295596
131270
618133
41013
814194
674264
441124
990984
27739
356149
286783
169652
419832
531471
314876
212494
141618
339905
318578
636363
457097
207616
707910
169215
468201
282288
520913
679553
833638
729747
856495
11115
180245
708252
24423
859838
438406
820578
793138
254050
760673
913264
131242
990794
520220
52217
499984
340918
957014
130344
13498
720978
774099
853014
90903
376316
294485
85205
977440
512931
393427
863465
763485
498379
736344
374358
53969
304172
51515
344725
432580
409018
895159
592928
802987
981248
800550
950637
15861
893094
8927
125111
898612
42001
343016
417143
218855
599273
479578
350642
509984
143222
701584
90156
752406
872036
88523
708218
486089
623781
796902
59189
550670
94581
512624
304266
173366
127097
396587
1199
160479
889985
758432
504176
493206
948972
732445
791079
578791
1195
494029
473674
139012
991774
118514
889502
51918
968538
184321
597578
210882
387148
250073
492294
940611
607159
261858
105522
970240
952025
46463
557891
364737
60779
697391
502744
489364
888456
958085
870955
598542
567845
246722
376931
707648
912510
536908
94342
830776
456786
569933
292427
918192
294020
470635
890061
821272
879331
426975
986972
661179
637635
967796
953902
237264
621578
30942
320243
81120
138951
634677
787910
462158
244668
507980
432511
784584
612412
898418
958181
712009
55087
869317
768833
407752
490163
366061
978893
239872
563741
817532
334604
487965
244957
256608
901363
241600
980543
228611
956229
818415
657294
147136
730172
826204
50195
764097
33699
687312
462331
553977
610049
914292
356182
35515
341551
164220
158844
749366
962379
344561
709578
830157
561669
557721
484618
222807
273238
158916
922033
87728
2449
178614
687169
968250
393426
956716
489423
146996
754514
367501
211039
431604
762397
991278
224171
338052
136410
553410
483715
872087
213513
464925
381006
939879
166284
797923
424686
214764
336220
150417
815298
822074
747356
532007
642629
773560
154122
767025
107091
828024
610002
900337
540556
80568
806333
296235
766801
377268
713350
217997
273963
69414
429965
447928
933580
624604
760677
222767
263533
543987
431176
736091
269462
310005
753130
275832
426684
186445
674858
792608
661060
35939
355301
450482
106470
137496
643557
266655
43181
96351
614647
257937
673434
847926
608667
736375
748968
137536
428372
96113
556715
153601
104606
307733
264018
400501
326911
9436
351947
607821
298102
485037
50053
891847
950864
194819
870481
87081
323866
114045
666978
205849
63793
995906
433907
765340
875893
382670
13192
778153
347356
602014
606988
132201
138594
9268
758297
215182
333726
296199
365527
388621
519152
541067
828795
548217
33751
368984
336177
928382
131935
399098
308564
24118
40503
945684
272346
942187
358689
125233
665741
945706
512258
117481
595764
357056
966361
733100
841872
769876
518093
950254
777858
54176
18526
132591
928458
144845
71422
688933
273258
168427
767097
364873
961833
926474
539087
78139
275955
208888
9890
498323
679645
560471
755210
221765
557575
368217
247942
934704
782171
363227
683662
942659
942961
773275
904388
910092
578965
807256
37960
379935
665120
270469
488746
671711
626306
112169
235642
126636
874850
655830
572604
520873
126876
594563
996536
275176
612329
149960
20781
595957
678429
866614
152614
832380
926281
428177
514404
103192
854848
723692
256442
613304
693943
364127
550968
471920
401094
849254
789567
771802
509707
367897
302068
287911
574701
774275
630608
87238
295294
914210
690323
490350
882042
781115
442840
849420
58540
994711
394948
878340
906608
780893
181976
583270
47251
377485
890214
369839
765206
749847
70241
800313
187154
594710
441421
820864
685621
228460
690581
834257
988266
46459
47889
186775
195772
963242
855591
477184
457920
356071
211847
364681
565889
514406
442524
65752
947428
683961
623569
982297
941518
985315
143037
762843
621664
938507
755049
213656
151824
730060
935422
186834
882405
119977
652688
203608
578319
926814
153665
70184
972384
671121
667219
363502
573739
637223
812494
408875
431799
711476
879242
528241
203680
815946
985306
210378
527627
498354
638869
753272
250756
901881
276418
934232
434550
130273
860383
21792
303686
478073
592398
21895
205260
417543
975261
901700
781294
902497
897584
496174
954523
422043
532493
224898
614561
55514
207492
68867
94380
229511
782777
302908
556892
237472
842512
222113
678401
593192
211763
538196
629430
809343
938179
565059
858583
347852
682008
109806
845152
274710
847095
851974
552547
34226
138831
880369
581414
337047
832304
810922
315287
109709
654537
32070
768492
705092
150108
361681
723227
749057
900800
556503
474355
687603
189714
432958
341590
65316
115770
435856
796435
238859
950037
422103
650084
695422
549316
184481
381313
864132
802384
938340
794078
274312
242488
993850
861448
403242
218586
936205
878936
954608
522554
620110
480529
839386
512177
66782
171356
631699
258484
352976
228957
714627
12224
179398
823985
156098
931615
12663
117894
799718
928154
579987
324632
476925
63228
524669
744452
565654
726142
691191
336394
591354
126420
33116
460260
713528
761555
425030
908989
414302
99709
788623
984208
