379479
729738
885771
170761
168122
305443
49096
518056
277192
445593
88967
799389
300197
871924
630024
758319
980324
595851
849247
254202
631962
655603
943445
522979
589261
971202
186989
540789
182538
468478
279809
982685
674133
89383
541833
494910
932539
626846
353085
371890
394436
511153
128723
888543
222533
693636
461730
14385
11025
222557
697831
586297
493967
376779
943908
513442
326311
124020
596198
818763
764055
891706
645472
267782
336930
112970
348467
241389
229543
436609
674767
282523
799951
770746
335475
920910
506656
276088
534352
469143
288687
483373
141196
591483
817394
394149
914722
74154
687027
474578
844966
404825
566241
27892
850918
771454
614913
42276
807340
537768
66305
81534
973601
971256
744237
703593
203532
526655
100347
372293
248887
333366
169920
557167
749746
916308
410950
982195
140593
226320
659509
945999
445456
151219
292845
557152
914295
652120
929718
636972
469081
822212
308943
82827
876374
743964
33187
501682
956545
137415
389593
235037
806011
811233
331786
104409
895102
87640
830222
306603
668278
287975
802415
162400
171081
580909
190847
914994
545976
256361
169734
807892
50653
223316
123411
175067
452180
654491
69619
134601
589495
865784
440704
923254
847361
838444
798928
724381
438292
109083
915407
667968
146773
54724
461223
939193
948981
490523
221595
84831
330955
577476
724147
493713
900893
615790
339858
579106
553278
880010
777827
606113
563473
910887
732146
405123
549099
758636
321879
846831
957143
506033
483149
915750
686067
96058
32
97678
956087
401232
625285
188953
234454
392446
739075
875670
621436
250405
645775
734356
529080
148284
381879
758766
673076
911720
470772
232440
458655
359796
397410
897989
581739
266861
972811
643474
861810
105309
12767
986002
562483
540898
169664
554390
754299
244265
403002
90392
904991
347212
768016
134181
571430
89478
681393
852006
148355
375631
528586
724297
430911
267225
385333
868305
467189
781797
632398
972406
222199
234370
484518
808057
92815
961571
563153
60873
10975
586332
650523
895243
757930
975609
999959
653386
236779
443643
952151
302779
831267
636336
480247
205675
758513
663790
620180
154567
907161
357803
789723
632840
424423
547452
95803
854969
853228
802728
101244
996390
386343
190440
313641
413539
711296
799550
201193
175030
697773
774511
573100
36130
135735
788959
163009
108176
819863
13895
102980
934556
470266
404117
499699
84794
389668
557728
313442
799236
427312
402437
608133
678497
132725
331300
175019
152403
514245
625969
593290
447708
720783
104375
631029
481934
49508
670959
951850
772846
535703
918521
318727
103492
809917
939061
956765
67138
120403
719489
206109
956879
302975
96399
931759
517806
79727
136545
501474
264016
364958
818340
609854
791218
242037
891750
735284
377844
370574
401846
524343
566072
827027
588439
954084
357491
529733
251168
701660
571667
503513
35891
595570
324813
833724
257368
348544
912642
762360
229621
963092
981389
9518
997100
477256
228908
316867
28241
973679
440392
181592
354310
758955
632162
234417
997558
387932
871516
722423
652650
44275
729250
743000
687627
252708
291891
851020
407989
554234
102224
97843
636275
548932
330239
960026
637917
849645
755836
602141
727243
398570
587581
362662
749557
639436
606176
251283
523625
82165
58932
80566
230567
346279
219041
876662
809884
592760
223285
290898
959545
884578
301963
98182
369456
802934
48090
580678
440459
789105
99031
146407
366441
268583
964232
342109
200405
456156
865319
720415
818116
98162
474607
66407
494123
487100
589765
340565
643067
415344
398406
373555
220346
285627
862697
98708
728767
703599
165009
711317
595018
120216
162610
778629
189437
755116
904349
16417
813179
882720
707881
395384
196188
95255
217856
300717
921546
287797
456899
584795
413563
561938
978779
797203
866507
579275
97565
440640
507253
733042
987801
773420
786925
162469
899584
386395
59294
953532
310703
875477
237371
767772
103452
147010
772164
585705
60700
912557
148375
954776
742734
835115
137328
134498
172840
33941
715071
700436
747292
735024
232869
106179
516902
864494
196938
98717
384885
629197
424029
293723
455091
682526
921257
416531
436083
752928
82385
508138
625014
173515
408168
514087
825050
356840
88111
147874
201760
607197
57644
425691
47704
64327
800931
705639
462955
269504
108596
361732
798725
639296
530256
837134
712157
457503
151769
620235
269666
946680
871830
24800
88771
609194
581904
429095
597851
413688
221195
776088
11256
503888
714596
171684
952007
347177
206660
209504
565277
575173
93310
271262
258340
608598
234315
940440
583072
564157
783967
658950
73565
500845
982567
768079
588343
198958
630626
594267
473414
598014
712729
483335
947940
470033
133436
56050
537051
993593
217755
375732
542704
103202
867837
369071
814790
461236
479777
772989
849009
453403
401935
888777
519512
955235
438681
343546
731654
798204
538675
414217
427213
470493
487276
748851
370967
55557
240456
577162
368138
788765
565308
584807
960791
560826
467846
808250
396256
314046
535974
717250
916356
608542
103868
949591
640648
509950
469503
569701
62115
616184
91095
356979
820646
120251
442713
741921
38918
26192
303837
236273
244039
649080
9340
440955
502471
363122
453611
924164
596261
957337
321135
172074
193612
146729
169532
171638
790751
628898
409198
105044
313283
236485
874211
207006
848387
321851
983475
525332
203044
491861
648141
65896
318791
443182
118895
697014
867636
754413
170177
55889
146760
417895
2895
657209
888958
105953
351905
341032
687635
95603
887481
459019
647001
856583
881449
628878
279898
841665
865614
143568
606567
853113
798508
231414
538300
365155
828648
270555
461713
150480
72348
320357
817920
633485
167066
386035
159629
355561
632961
278578
903895
426645
929397
63247
551450
553699
375038
365319
178398
242993
415615
952026
673984
562143
927184
473501
649947
241915
95611
485551
745875
665406
300368
767812
68158
20272
263781
655901
681967
774054
119982
359256
23583
221036
26100
504611
689978
187965
65525
7564
691972
807855
381145
667444
573734
152812
311500
74723
298073
843674
495868
987061
892590
473692
542449
71729
604535
86322
138244
543162
704085
468668
242493
779614
984607
834524
304013
687820
638764
364600
801892
236514
76862
506590
319088
77605
438155
117955
643252
895882
306921
390244
372352
848753
586453
291598
278802
305713
177056
323576
322505
644750
937462
778574
671490
700423
832332
22537
893905
192524
411749
647865
612190
538125
341954
84132
550105
733870
38564
473929
186011
609495
598527
315133
406299
353447
97661
595639
894281
98248
701547
760359
960906
542685
833028
319872
702801
202648
658904
875351
849303
559913
325337
186851
901942
618513
223554
710436
101416
139477
617637
237857
398294
264653
650895
741833
707040
450139
17113
221947
558057
612793
714574
726945
431131
217004
892404
395959
584766
184085
692153
270954
683056
224806
232124
625755
937666
646130
650548
616770
830575
338908
13377
657520
986426
983601
270989
799661
939939
498514
878623
539263
455557
101962
705980
863436
598927
763390
814586
867927
473565
905794
315490
522022
584050
57096
676161
425988
324628
193651
670667
8738
406660
166538
202029
706777
645273
826184
260846
717195
809144
493711
762880
355623
918258
639869
619945
726219
833850
59223
965193
841283
398273
159075
786439
155055
153968
254354
737372
538179
547714
39641
285372
317993
119611
863648
969052
366337
39368
47635
914852
559048
709300
709399
821235
693014
225861
977623
880841
767553
625969
283388
491862
910815
108288
435067
108188
883625
373247
589064
411971
969660
310302
251688
262201
214329
416167
772964
933635
300875
792027
328025
540965
387400
732075
788397
428394
197617
502544
126044
489489
266580
414535
286384
49620
221777
675756
780303
312342
517561
505330
908910
165672
87378
452605
449443
306679
603639
747612
466969
381142
707036
747558
9501
133220
34160
710832
317013
673178
221787
638440
963407
709619
280614
566673
297847
754168
23802
398619
203939
861991
327873
877278
508041
990207
914409
315187
963600
309803
739079
889391
921027
383689
557784
274173
239778
715349
748834
750935
232467
831030
319609
821537
217590
341093
449757
117090
131542
294198
557505
876895
640122
916933
282214
951510
751388
698046
710950
969364
723825
438728
383501
761843
702055
597839
533986
323636
123437
737580
71491
765493
714027
887156
250670
709263
793363
968858
305436
43342
629647
108097
982855
487693
592858
817315
539853
372014
537259
622295
967149
539956
395467
688578
536045
853629
554824
546652
385054
498910
812162
209950
450616
496733
619810
492357
462815
563333
572203
896774
46727
851178
571816
334158
58483
33466
237893
782260
529752
785339
594746
169278
615009
878566
376034
408269
275404
178976
618282
480742
911409
911249
602788
372445
635107
961059
112955
838688
50415
89689
589953
540829
755201
277193
372581
374225
960870
756280
337920
892335
771821
537936
521294
129129
848358
263808
458681
738397
199948
804912
39505
723679
957759
594336
974297
487199
360233
543260
964283
131319
675267
790750
170651
990868
12144
687104
243528
165438
272711
8987
934927
901445
699502
311810
204138
551626
482017
517460
904534
539495
821010
494082
119554
112764
995499
544350
50851
880087
775023
867227
142436
431167
61118
957351
791035
97117
536055
107682
660183
8
176568
259705
953973
136363
709184
472996
14610
183829
17142
114872
182011
683293
200195
655913
20480
375088
134170
546016
618247
522617
65495
864885
466044
544683
770949
623945
646502
110766
255226
536067
260949
151203
235933
916709
649528
356502
309064
554570
837259
505663
180360
678590
82285
383413
990785
707706
840719
213424
369199
977402
50057
699705
48263
654333
994310
251696
237756
777945
784224
365690
269789
235576
50759
47365
930651
806771
832410
184953
978473
223561
839128
458108
750844
629756
469040
307298
239538
711368
767988
229296
644238
851648
754476
446667
698337
99848
94087
743938
78086
532329
421356
645045
863300
537812
520431
703072
328790
539318
37408
401672
512198
996852
204669
605824
795765
961092
535175
440152
592568
642087
247730
39523
666141
484615
465461
490340
294475
148392
729026
819861
913799
937934
510288
458195
887443
402348
619795
214697
898417
589444
889741
971447
206085
55456
930942
606846
677336
847531
562999
501195
679865
808748
647309
844414
148989
817696
119976
377654
80488
815284
876155
642972
738212
340764
260046
551560
647214
548115
130167
480403
619344
103215
993959
868602
494920
578848
268320
51307
82696
411141
256772
628272
67415
128298
772233
91317
130901
366562
226697
239159
282459
109886
648182
1739
790465
346279
2859
846153
675577
440477
923293
598995
489496
101708
988976
22021
882549
308488
90662
123579
112810
611110
546034
261945
257144
649974
172459
589819
785287
890464
526492
158234
387210
963290
608632
453144
745345
845059
598635
478216
590360
235551
521547
362397
43821
858288
543789
671373
840623
115053
460052
215201
204897
549665
993989
748892
705406
547939
137206
238661
952055
556654
824228
691603
711256
96028
341764
582261
607560
227204
602833
528187
193455
678316
28228
943332
816882
27437
715554
876356
581337
827554
637359
132306
786834
288588
643968
530316
118223
102150
898094
302407
450698
374431
177766
995543
616552
436825
19102
47382
372411
945533
906850
623829
717666
310809
620748
323805
523660
143064
84818
371744
151641
33468
221946
580865
477665
918138
470952
631421
85197
892913
749720
169012
662371
804169
996646
652440
147552
514084
867914
322929
907262
980100
788962
715338
930325
764921
635944
206204
896606
319301
187715
542740
564946
558990
868025
468451
954673
947262
852929
350371
441118
820155
116918
108097
24679
374334
308648
488588
831395
816658
669005
678840
50356
553387
306965
18958
704684
914337
734619
279668
789964
739015
503287
844244
123496
600172
966640
581932
850214
266350
143
986674
97061
467189
801103
771746
664634
55251
288880
706789
768597
160054
541994
374111
897730
779528
199487
256470
29836
365796
821737
485434
325884
410228
508851
275029
810943
854315
2404
696144
380517
849500
567701
997983
599174
223797
977060
885322
977023
771676
825921
493849
952282
54629
825318
570460
503691
498797
96291
292116
4759
71126
980439
604737
307792
161183
774139
779465
973691
400350
359512
280514
873426
258269
546201
647260
607908
688399
401531
360686
857306
992237
95776
812059
492374
46514
760067
9185
540468
627887
622790
549054
754546
147787
30888
362047
675564
34139
286994
769574
876224
644890
351568
447351
707984
754117
982877
463903
39525
476694
470358
148482
363568
555802
591121
378143
355757
576881
203143
891810
404129
211810
107884
176071
298050
336537
299168
269094
358773
754302
236093
992863
741425
304690
569873
850914
989443
114216
980774
293339
742508
662238
905660
800249
516645
509303
994840
662682
593155
232183
209653
360405
24948
279002
826265
222755
886761
733009
429251
115050
40910
630170
443456
134952
83124
134651
553629
246392
185168
219482
397623
709636
319901
205244
291566
449480
594716
862360
286840
142398
729148
676247
62866
541420
280660
757803
72976
885062
778764
509257
823254
132096
739932
692548
933855
153525
7276
659527
778618
130477
626779
895023
437206
885774
872092
562371
789042
469794
17018
575377
982582
56577
959036
875238
787872
345819
277667
418153
256087
824740
967568
523668
255580
258076
45058
519696
441438
863418
739966
651181
451436
41844
776967
744827
907717
925038
565389
121224
117515
486653
722018
144309
121238
932694
25191
906359
112805
479895
333253
391016
723504
526450
378711
986247
533593
238066
522725
431954
216768
867499
352972
544127
138549
845123
395257
951442
856265
101014
506580
12061
297341
615242
618361
935258
32732
616177
482017
255646
168485
179668
629535
909243
673312
277794
955847
332405
881233
45045
262441
437918
287434
91517
3579
112977
586459
772875
631956
651655
935781
107772
894229
580697
659085
600960
530274
501266
756300
454918
607694
634096
446306
188678
182869
364536
314602
670698
796354
250227
336457
950170
559089
902920
273792
213795
404655
218999
89250
352963
373885
531888
49951
636883
606772
304014
999166
571601
830210
263411
656169
765897
155474
184768
912802
524768
968650
782065
79124
209341
176430
465300
871620
748628
415010
34468
18022
764304
874380
655046
367372
708381
485592
97695
246905
513679
550997
432080
165844
273906
435132
559631
335928
162223
333521
273635
218920
261335
394274
578491
50720
955791
11245
31852
560390
20633
498655
155398
990336
536827
550838
608657
59231
160717
949511
810153
505400
774820
767452
458419
693460
921815
457333
123259
200957
293098
591599
220460
778553
293791
796675
639531
60051
249493
786341
94032
918548
358682
504780
695873
57553
186837
317073
772589
756702
689737
319857
700130
122592
527111
557869
349580
834304
430963
898769
994699
737788
444208
570897
64367
778263
636843
451534
262675
833585
529857
22200
440915
774961
368334
971214
424043
708702
175187
178434
524461
38989
343747
526392
914847
641461
492906
205996
151919
736862
912058
320050
281043
88696
551028
958809
785793
154376
543472
574377
419464
487741
134601
981132
629770
996321
700647
366345
657174
897707
381162
481195
730289
277167
573696
225970
183610
787715
204093
874030
988978
517794
134719
250727
728759
588906
474156
14069
566672
867297
153464
366558
946493
815647
103556
452104
964073
923546
927520
933464
924860
577676
165233
856491
992269
418755
524910
600815
485237
286277
720004
615584
725630
868765
910874
988699
438139
761606
208303
707744
45105
985011
3486
60009
671411
649017
621188
837153
617675
843098
959480
213379
98900
961391
145401
630928
189413
734321
511782
571564
854824
351652
373670
553558
716104
610912
683623
772162
474952
713789
678468
484053
25585
707482
651072
434684
27748
694986
350575
745322
668301
245468
47220
705196
208952
773894
374117
87274
170941
505645
316619
602172
637783
505620
450437
756646
983059
388446
922060
39538
10660
476545
720592
594089
797139
685514
212162
3245
734035
535878
245291
917302
313459
990676
179833
540199
358828
232517
65370
707468
194778
883757
176769
580339
315400
109257
776646
726244
368292
366540
376234
465533
86161
953224
479928
325103
338139
124406
232006
803919
45830
80482
612123
515033
350975
43382
854187
170184
160244
715744
436413
225483
849855
843939
546541
496484
78013
435767
64718
314658
81341
431134
160423
792953
608405
105605
404702
532155
760142
254802
164211
118773
22975
246096
504163
879976
15927
51701
958765
581923
739348
741900
258032
316602
104112
898755
81651
862245
352635
655379
534975
369911
874660
225927
200039
737912
253233
680364
723048
818914
944559
497876
583467
187957
14659
358150
359655
470647
347742
52357
800867
717579
134863
522555
889817
545133
834482
278211
228278
799624
517382
859664
294398
241396
554461
382845
365773
4623
310636
184945
988408
240247
885058
870446
135442
981857
293398
492855
850443
917465
829305
887388
266802
228438
444138
668963
574938
253881
64328
384277
322075
386018
988578
448866
188336
142959
569066
171441
4094
602514
534345
403720
624564
908686
608332
535381
253069
649102
710587
602839
329010
904034
458122
779884
707197
499991
909865
564407
285337
293809
486646
65389
389893
186247
945618
460541
827383
115196
612817
309082
253085
43989
482891
581798
375614
122684
545872
206396
995520
989776
278968
324186
164994
518567
671255
104937
988009
395873
820112
151211
761017
81002
407297
877888
559577
458699
559324
908373
21817
41389
693013
706410
591119
40748
283255
730877
17212
496852
189778
665432
300750
957307
96783
860788
582174
529851
120548
705161
103130
789514
669154
900019
616093
173687
908587
36610
459898
162946
178178
545950
587416
262681
212411
275477
203575
498987
369617
570051
260177
64939
395798
134429
746267
414499
198853
419290
352234
551602
817971
983166
665267
945444
327844
964804
220715
914924
883834
770663
392077
59712
181576
928141
813562
665105
998405
803985
196858
398694
710109
588651
464416
417492
421345
177918
337932
754716
331101
139582
538059
680417
778442
185788
343961
524804
893018
716368
67974
307934
292273
146338
7797
161369
176500
740821
949889
398571
929529
892176
532347
684401
426910
776745
643343
230500
996277
9072
643461
809914
586589
837526
126499
120219
803820
654585
149167
54974
415624
461581
367633
440736
801301
872
78935
209377
959304
133865
387923
67707
992283
243270
323999
425567
551513
895922
147777
926830
423001
424679
568425
656528
997703
883477
677975
18677
829789
980647
727385
925286
602226
959342
739314
979911
812585
957804
970007
502251
304586
486015
246803
554644
320813
310889
339530
955718
493458
999480
222106
179590
865934
529110
26013
740916
473504
671023
316491
2690
93794
642042
52413
879568
649947
89575
648844
926246
64817
651300
136920
913997
322940
623947
686692
830026
281397
169195
447007
862968
775053
976561
239934
31937
317466
119922
53060
255480
725932
188824
318243
409494
702334
898408
932412
714640
571144
966124
231491
792337
267505
901249
230334
99545
972834
956863
175340
395954
23414
125568
650562
959306
446861
345679
713872
375154
851392
313391
81475
481522
992111
19141
491587
151430
888501
331683
656893
148602
298685
104561
603643
74781
442222
64634
356142
825253
945154
581648
998670
135391
591476
752221
136920
421392
671064
523144
631990
108589
422020
413440
427005
899124
778220
602984
155600
825382
512268
513183
296481
574945
731902
1195
979608
213725
680427
984833
940556
715331
152798
787187
110062
440677
405940
45878
427397
720798
665456
889935
953939
43399
467115
536858
31511
551187
883112
833847
459052
874120
505734
349522
658959
51867
366926
799692
178749
748902
477932
568139
137851
476168
756475
143707
772719
134041
369977
522751
508012
980488
684506
849816
499147
553556
572856
351089
455284
952483
927143
48869
232572
606786
528423
620269
512553
595642
129331
467018
133968
512075
165814
860107
908127
20232
664733
278716
704247
667214
377735
23339
32369
669794
393753
587800
445634
454311
491695
182776
90169
56632
258861
668710
181221
689512
829171
645415
818323
160147
758447
958872
45236
532321
467020
847222
703134
616919
184648
368778
203625
727513
481763
256303
568058
307392
764915
950657
737244
144276
673172
206180
557321
833510
719741
849326
192009
560589
474671
144562
746162
436795
681414
312682
730701
945019
920498
242048
723993
975689
15935
866937
525673
443149
297999
732031
432168
404662
462442
511433
715965
491311
598572
2345
907529
969985
884893
298801
465485
184965
562590
193219
379753
504132
151486
860916
622847
195437
78188
993693
270646
290738
944775
331518
688859
674879
651794
500686
439521
547863
554563
108835
368329
400269
693946
198138
38877
533917
645455
491620
82390
896805
219588
952590
976221
101635
294297
921003
733295
566156
634943
232704
310361
701605
462820
39627
399779
808770
75949
469265
887177
8121
395650
185091
640292
706306
628738
959692
786152
375949
717912
211514
656006
581376
936741
881990
529202
785868
934749
474753
106047
613547
167790
523037
974437
813432
987802
251094
156261
635306
902630
301115
418947
719150
349418
664093
686322
266401
512905
114771
358414
429159
625915
328230
805123
199723
402438
888288
886603
259891
848204
775340
945044
91614
873533
483050
372095
84093
525676
609938
721861
278668
239999
312706
28084
102924
421825
529893
88855
729278
28690
31426
866548
360957
929150
968286
130927
914296
607274
310799
106380
683148
243242
172703
360978
425146
13808
746265
267147
205578
483424
425203
877095
597883
608127
469207
521728
426597
61833
880080
339000
667053
108065
740046
198974
475685
506467
50453
661680
8318
864661
875912
497818
376618
152381
186638
341469
931858
227660
774815
137259
417649
857976
376749
123823
834380
877863
279217
672585
360206
741063
875728
411511
385283
381306
778986
85455
2161
184175
953600
670505
340687
168844
68927
737305
253731
217863
798317
660633
593851
551572
529007
96006
848455
124857
649460
986497
51537
901693
435458
734262
581979
570494
486363
829945
931220
203938
218187
894604
795446
738726
712785
91773
594623
984978
795752
284076
162889
156493
87601
240939
930888
888781
956862
99390
754720
502950
106877
462785
918753
447556
772863
676521
780640
375924
745956
342434
460339
520220
471781
135832
645576
375371
445822
212498
545506
343915
723446
837752
661426
266707
507020
258229
4750
218745
888832
596919
690768
337221
278779
972947
738446
340992
939931
300550
410993
294123
738527
375063
670260
723244
255980
276760
196731
548515
497402
445963
802317
885404
198046
579488
544560
581981
566964
829852
9056
608734
236136
499862
257003
988376
937249
844124
784876
393910
485579
557810
526370
180584
578432
324794
658348
900631
917715
683311
473379
225331
173432
478475
822996
656935
357587
971273
642264
582830
575771
413253
637330
998271
528875
12287
679109
258724
937637
38654
565775
58025
44803
781585
364358
250543
251068
15536
879406
593184
228687
391618
435092
523772
898606
465656
501513
508178
469578
855190
854782
973387
372791
173202
225849
949217
372221
779285
901298
841325
197050
286494
166860
283165
70647
56710
943987
851716
768389
59166
428942
390091
779091
2612
138337
277509
644048
20085
159683
495777
332855
594476
37814
631032
599996
255720
936360
37894
176977
545148
641093
272630
937749
363552
100919
231062
566874
51061
448891
535722
799313
281574
40993
553436
640532
506538
992352
458897
745488
346598
816339
79958
387533
481838
28244
555193
835740
899820
680884
598388
259164
899801
925460
973829
519016
970345
337891
644953
334240
501572
105588
810278
614931
635438
280698
962904
210374
33927
589283
143331
377060
587182
671951
396919
987457
222273
584940
956498
979660
4992
857456
853167
828433
149648
39409
246620
599337
658459
741412
976553
348287
96596
847728
575612
443199
661656
582254
155202
939740
667312
595712
651776
128190
411635
190731
479623
413447
232201
19154
475910
434305
503818
736752
780409
312806
923844
923250
874048
821643
259228
137294
332362
618025
78219
573572
372464
654793
888458
899856
650974
432268
728457
349257
300076
39892
817816
398170
914123
787411
914985
125530
380698
374382
157612
783561
303256
441421
127002
113129
708468
926977
621838
435638
562881
979923
757261
509572
248901
489253
877286
171317
827376
269895
962805
254931
6314
293209
465089
906896
346181
54296
269125
319063
504850
41671
804364
792654
830223
827130
209077
515755
282814
776770
75670
254064
171153
216176
584701
748932
922369
350664
624594
74544
78141
45892
362968
180914
694272
422465
478994
961729
227195
185034
87298
170783
584562
480384
866189
959508
503075
307106
10618
308172
990752
803519
849241
143631
495038
297589
332032
994392
44198
905252
126769
400469
650120
575861
242263
39610
685744
664321
207343
925634
737457
447327
873604
567620
468989
814541
407186
216366
443030
136121
663564
573600
192031
533613
729721
897639
28940
597910
828025
345172
341113
134063
333670
235193
120150
414095
594454
171903
85183
798923
382140
104999
170729
995529
351662
820059
562552
129314
901761
117616
540910
35955
100112
193147
50239
825985
548252
783245
84672
298182
59149
837196
342845
605788
199895
856687
613801
515205
154488
792789
891568
61461
298333
146627
110633
881212
239972
812216
207911
600052
36989
794287
343727
162883
682537
310065
132227
862765
69349
470420
689885
533626
637088
478419
888632
384543
190055
989771
148103
717452
98273
494928
553545
676625
849334
159594
101044
62702
585420
165103
398606
937845
839913
654078
66971
284126
22844
697045
354417
724967
91639
432784
211175
475814
917333
651903
317932
26989
881785
579426
716147
338648
672375
780868
644236
979829
128427
506929
559246
188113
945799
442324
785201
599131
191723
19698
441720
421431
727149
663357
43595
236514
501752
914966
731107
26557
66640
432226
923678
730744
441011
471432
12018
77404
848283
816708
70526
448756
886945
805803
183100
410073
966971
885307
43795
148313
215910
578142
916361
801732
460703
734204
24470
7762
539530
502649
149907
447092
846966
236946
57041
121206
809400
807567
897607
608717
873908
116326
532835
1539
9274
983084
600961
523004
939852
92856
152505
515235
667774
735574
176787
693174
421302
615205
789014
132908
467347
644686
139198
697087
635690
456801
11083
706009
182316
648269
509750
386783
431395
897980
650175
270676
360987
735625
548321
99372
784733
361055
834087
889326
1687
332207
890392
515524
584279
667469
463630
603234
999798
810600
140517
545425
391249
420964
588622
837079
715315
277142
978435
240261
659471
535003
655829
914653
235560
398741
221793
948509
335571
418436
619105
992236
54164
164668
899358
384992
453990
380360
701507
374250
137495
181916
379406
521631
756943
824687
899935
922083
37489
347389
79667
109364
200345
64407
340074
552464
527046
252133
290628
90756
764177
174330
944426
921747
437403
515538
539625
384383
423366
224043
660217
763127
277594
364412
342523
671772
110151
910230
328322
241585
960650
193750
237769
542688
791016
724164
563522
768547
599447
233996
373006
505109
624508
189527
323208
988630
966863
326852
990907
914836
352539
983368
937204
271101
663010
732319
819379
958782
233374
306413
856315
368438
609825
404598
560457
466684
748318
711926
501153
642505
365696
157983
882435
973956
167672
349421
230077
92073
348372
995239
268762
609364
75659
667764
623224
932400
592021
695318
308983
147127
963383
425224
879885
258276
553372
174000
674295
518653
932959
841601
489674
349238
579686
691185
724456
603204
695272
873937
410638
506304
317518
327374
51465
295283
708535
157186
248264
88132
646422
695608
56525
848251
494903
582459
965054
876849
968863
848537
658328
397654
319888
3129
56515
414687
854251
31190
912512
504906
248880
78999
422526
303887
685729
404493
377868
263717
884486
5832
976233
974125
451145
29654
553080
886847
15233
740825
157904
112912
390348
155972
327151
582717
884116
971058
68494
911158
695989
180643
452367
220682
305141
925715
698899
157514
740529
966969
180072
842717
209241
629081
77663
995360
99602
949062
18172
893303
222330
878968
655239
678901
844232
373957
383232
68964
92880
532672
578479
308273
109414
469931
760153
595063
708891
321113
196303
262118
552483
413605
458144
859215
807575
419272
102126
199888
45077
200603
861726
380503
10309
597418
479593
231764
599223
468017
729360
634559
327720
481270
308076
394307
439972
193730
283555
102214
840837
141181
179447
668182
152665
870053
453176
920945
990881
859179
41242
341232
206902
583722
128865
785170
489351
186949
194744
579681
337597
234971
356002
511107
782079
379945
246536
173280
884497
44733
107568
557162
343383
685331
590350
186317
584120
2766
44149
103541
918366
146068
995174
852855
993625
143430
603977
673437
369251
548315
945721
527185
5950
448344
585018
