330155
573563
463655
143123
110727
754426
707390
734999
367704
521245
121342
156474
156163
272477
151608
168121
480616
498028
299907
869475
262751
193646
537993
400731
219924
437511
985131
637372
852796
720143
907154
305943
834547
220066
681171
460247
335988
263061
187838
261510
736948
976131
216580
320808
643035
256453
887426
189445
206880
20159
818094
883397
581311
519383
889309
457395
950490
969793
217966
215780
482410
981430
264279
724593
58976
499396
93450
18975
904348
982782
926019
880096
865865
598803
673841
726131
802515
652924
360894
91814
159046
91535
1213
974459
63044
543793
703087
48873
822050
172776
959858
175097
515937
589391
49159
564945
286404
814754
154302
106382
891474
425785
515776
668362
14698
601490
233593
694973
292606
794119
579616
807295
819310
703326
290724
996203
910337
510655
580468
127392
944386
718016
856491
223777
678005
263517
846871
666396
381813
903363
483173
805576
639787
416395
690538
402727
881197
520900
85264
312939
644272
502313
852315
556149
582123
254962
739991
124664
782283
974150
286560
205116
947852
756685
456397
811455
337403
982820
43450
313654
406917
446442
271409
749041
816570
989943
110645
893532
523492
422445
511210
937761
222590
58214
876900
655595
882387
723084
827530
553862
879605
171080
361703
711010
442966
580371
125069
768631
714502
612584
986598
346946
955465
298010
712472
969709
252052
255553
877716
668300
17316
322256
764604
823299
981627
666818
151086
366918
464185
418355
165106
454265
549651
940491
69052
50422
314162
723413
580254
285036
393578
128430
274445
959460
598101
492568
681549
140639
390476
677230
223548
777692
628993
856242
308601
600310
271228
162562
898351
562345
48240
261226
809793
961845
22457
736274
681940
560155
589557
52376
110387
713796
568636
368825
463267
440193
433341
387944
890052
912429
651958
867905
442401
982319
624655
421655
387540
126876
470228
793705
218329
495673
205326
129204
987245
331998
797693
121762
140258
780725
726643
976928
995970
714274
757647
574221
485022
571325
395285
136078
838578
770042
923687
670974
546870
480490
562530
696515
377667
973594
89816
533436
367008
229145
46629
952022
967977
836632
613616
488126
981211
173162
408576
131504
646782
220714
505016
683566
869359
872891
569329
805325
728393
340202
732978
401962
683504
82225
384974
533433
953530
762069
768731
215485
261369
229486
54666
198420
773097
597191
517864
542186
286259
636635
658288
531214
876636
200512
363146
933793
289933
698208
813668
150826
720447
767265
393068
214151
206595
924198
248295
329407
615659
843823
320369
614706
564760
201948
894673
110833
967649
226255
134712
730602
255261
372526
561303
460156
475726
270984
633306
118569
817066
496719
839748
298025
571143
88707
569128
271515
28066
500144
832193
220951
968523
192270
991855
672286
29425
995398
850190
397107
995974
568596
419701
884419
829518
98375
404488
88703
855114
171174
901947
633675
43771
25709
82147
910734
131989
646389
947834
496554
174594
493809
870639
787910
974223
20628
873128
992966
354359
261776
10197
219164
506570
21882
676146
152824
40122
222729
227289
437659
439746
477694
499841
796105
950836
213085
739991
755997
775069
915673
229047
27318
71766
214797
613319
517199
211178
416679
550704
774317
947487
735647
374778
475185
88163
22245
509956
902541
274389
690009
370652
587731
264428
724660
527745
884393
547144
903620
764402
433369
649683
984788
286450
929221
35475
771562
992155
258872
370192
481449
362396
8023
6940
686359
581521
960502
642436
305721
595389
644807
816658
917083
503847
654125
801979
284012
968398
419950
379884
387077
246409
173959
413868
484746
715712
1562
555757
207017
267457
187395
206453
837568
413056
629576
153828
604763
968686
469166
684321
491162
411828
124200
888933
334449
67212
71851
830819
715338
365052
202333
172819
711685
201841
712683
182618
456927
388084
838842
173400
462512
862795
911861
983629
641550
158574
38085
351400
382672
422628
996255
213550
667949
660667
853302
286020
535490
709152
129810
698265
647154
971872
101881
981618
263143
789372
386889
16403
900151
38690
470439
730759
16995
228558
189522
733645
580217
750909
15441
826655
472153
980233
77067
448351
370580
234982
841909
674017
513968
106359
364645
623247
389320
536270
122630
346429
678032
376511
471716
208138
673655
696735
934951
731695
838181
279774
49885
263271
691172
565822
884784
860091
857691
182895
194358
810281
780084
934729
223015
417904
91359
909093
556202
780283
946096
134873
608136
543272
604516
973325
258178
463283
530497
895678
622205
526659
459867
411663
162395
41809
298226
360839
715494
512497
942777
250924
224358
607679
573938
669305
589714
105191
301620
422526
778979
488272
243982
477909
913795
865382
568518
161276
237157
976514
539578
529108
295214
123257
953000
671221
294544
450046
189129
99564
283832
187188
60056
427730
630686
519316
388336
274826
843321
16888
580243
962198
375317
278658
858311
848982
509500
356203
883418
840735
222353
917868
187143
970228
363453
240194
892081
924772
46272
648674
71756
537023
498345
227385
601563
275254
566241
907486
412627
564046
523489
359959
812639
10945
82692
355845
823805
95025
646902
186797
148869
408201
350220
651939
317834
33267
639854
699285
346137
665199
511279
520561
76383
438679
548221
349044
772519
557420
173940
669649
177856
376539
780365
512506
284924
402770
148147
551437
74709
604474
71478
550302
662315
268560
215064
79133
238889
936867
578053
348260
283269
364204
927200
232480
20069
880581
130873
978009
194143
427656
926235
566687
895705
312453
959553
383251
977680
471711
367912
801551
870772
401027
70271
37299
583151
907846
299387
644557
212934
371035
411591
452452
32472
464238
121881
288929
527812
412127
369760
553435
31912
596894
163481
736893
540612
15583
116545
849174
82236
129530
375781
856317
918204
774691
727957
11871
944182
588481
473975
821799
564871
918892
224311
2824
642679
366408
399452
205418
523359
783609
713334
670126
776613
896833
23923
875872
416867
623677
627602
307448
186982
941113
725871
159629
411090
962987
969532
795607
833955
284883
440400
493279
726414
451181
439065
590981
848134
123471
353326
190190
289370
307429
138687
703496
296123
503559
703342
863803
116060
898868
475382
919981
940914
95982
224137
510130
316827
820401
778616
427151
491803
143441
145164
674665
862017
751663
786674
167823
349224
63383
86290
445409
413593
529402
336320
822491
23630
105475
589963
895106
795985
230999
434804
259689
419907
893870
537913
827040
98361
701513
784142
974970
155521
182863
136237
586810
948802
304584
209540
336473
281409
699701
808461
574903
206272
984649
101500
387036
253057
117128
179985
120873
398952
99067
449997
747487
35646
708173
570561
115467
615058
685190
440897
909325
756346
649697
407608
718916
921527
796683
631062
176025
901494
474427
325988
447844
101683
616424
739447
766142
185400
935468
417411
342756
256964
340147
427847
556420
598214
332639
761318
634664
42120
110588
676566
896636
752105
901659
702577
141117
755203
526541
241449
821568
76459
304061
973017
750748
367382
443051
807926
638646
565912
176577
265444
121511
538184
745619
288037
724748
470400
322296
404972
847529
870529
807039
452752
365626
487539
593296
821404
324632
161801
364961
714755
320325
924227
121617
434416
479060
477453
920485
710140
100152
621253
954844
251257
35111
662042
628400
880619
736170
875664
815724
478486
893188
990943
831973
988723
783292
627387
356758
805948
727689
224623
40924
262438
662298
256995
476554
462703
117055
309820
324074
592333
252599
5730
142609
209606
155286
39261
619358
578333
407123
650648
351567
134634
422572
890824
804607
350083
833462
534886
301248
194070
823621
581336
723857
748953
54323
692846
228796
34776
855441
262279
473103
386029
632744
14804
286708
516174
517034
747828
467439
416320
77690
347583
453812
539050
989781
353759
649571
536644
272475
853848
425825
151022
25534
610087
702548
160221
466758
537224
431482
821104
301054
421522
572647
278881
221374
454846
341977
3415
479510
984837
585337
226711
691348
264871
472945
857947
741043
755655
648868
196859
654752
3443
498062
154248
955050
131586
425786
552376
292741
398103
595226
225531
387770
650882
751046
559084
611567
165701
610708
947875
727054
134131
82512
902375
276437
114996
130456
720065
241210
59366
740247
710635
251833
778462
198876
71527
91259
114252
286806
935149
345508
21948
271918
606716
197754
534841
714689
855698
306733
264908
597177
543799
194311
446306
994695
786355
185649
365899
123006
763871
499743
144543
189327
800601
455769
444027
765917
276177
312807
411689
475132
21056
985
379742
470987
619257
500272
954844
680171
170775
341228
430264
388251
160790
984307
818166
615218
863422
253595
121552
240632
691706
199636
934038
475424
642567
630709
484847
550310
90184
336545
503229
866561
7350
613014
424734
460614
801844
749906
907407
874713
470912
801826
34860
628944
989638
374152
348051
408357
822607
712392
159654
315672
245654
125839
535406
551135
53499
645057
750813
326667
944273
532957
750444
366073
256466
622927
714723
303281
186994
253267
986231
313950
841680
769857
804109
958634
472201
748281
376157
24502
19943
639787
541234
234803
435639
247555
819213
897376
531512
368176
773481
163616
186031
540048
140378
641719
845720
425402
58895
776289
190519
762407
106614
180687
365004
229629
710782
944126
635812
586618
268024
93558
468812
485433
311959
879901
558433
614500
372182
854069
922435
651447
544312
113017
186728
966572
642859
573071
211724
928649
127302
222825
71622
302146
893873
448318
592118
299403
555556
604193
695387
929343
748424
858555
992129
744166
389817
33898
436183
678118
625517
262644
487455
19145
398382
328873
96190
148455
923715
443477
533235
354544
666669
10015
574628
940440
797709
105218
608660
461343
622051
914597
109106
863868
11121
652888
402123
740133
962750
182765
576670
237438
488886
416881
113680
131100
876206
972230
314614
190772
672070
330526
176016
765796
900839
113750
239446
210910
386924
140141
178985
597677
631838
871903
287340
972069
764567
897634
678444
878059
105351
380604
873210
64606
708629
809215
245914
85985
723741
225634
841364
448455
963416
305726
105063
800345
282841
212386
344605
994758
853748
95891
227898
607592
773945
988707
435022
897839
118878
229932
304682
234284
323771
494506
357103
155068
986350
218098
706626
496399
321438
446419
980955
841620
589597
316040
580861
132803
947943
907222
2688
120262
247559
482120
107274
215877
485273
929413
334684
776781
474154
733195
570504
476
450491
447114
6081
468107
181477
9055
622667
757400
251478
769425
158671
359161
841936
437461
208533
322100
582664
953729
872593
369163
141921
814557
911351
723746
544729
459162
302578
184671
298385
548555
652654
401902
420721
23539
866879
463518
842201
174777
799409
908520
103615
78008
448749
528144
753642
226355
606660
45861
262346
929254
253915
361762
961201
577911
593395
221303
79410
410507
139156
642657
603477
455222
750870
802102
960948
173770
745036
130045
109813
35600
936461
568761
649636
920853
827104
619463
492971
811355
773827
570013
39537
263345
88408
544242
179021
778781
380973
549756
713318
721269
551271
719701
223977
333325
784330
887735
656421
137034
983655
54246
714950
146837
100706
567917
223404
54507
493726
856384
322535
411026
772424
132096
216081
74342
426621
424798
942600
822866
482585
715543
341127
432922
864541
725853
779873
987860
32700
377174
103577
920631
882178
52925
612832
701259
335777
551975
617004
683328
746650
82720
613105
26715
981317
143028
368446
726283
827452
924169
430583
766746
908586
18281
652651
134783
496747
595550
279057
243664
218144
620726
61924
806164
1427
498534
242328
300342
94657
222411
837111
38422
404744
617227
969437
383546
843758
248922
605964
246498
808651
746521
286381
376569
179029
19993
870052
714663
982086
74877
595278
619651
108140
682492
312666
221990
13325
851654
589377
447579
280052
121470
276515
964402
28956
725542
41408
740660
953336
188569
886991
55664
371165
574385
554366
171316
743053
810824
14599
537304
533985
201052
462700
579700
294546
670540
707791
315377
397284
437503
820400
315517
154671
977316
89859
961432
36683
608083
624557
181708
285207
711634
396443
366585
77542
764084
573311
571086
139079
189213
601384
465364
600880
299616
121341
396324
988870
31433
987926
900793
659660
593846
900472
135904
412261
154656
646250
653324
261767
776568
413240
807302
765374
554156
46660
601089
73370
512392
176451
742539
219383
851129
478043
661024
895143
208430
191703
74649
510142
158487
692549
42498
14329
644687
297837
478024
733003
50774
637038
874449
309510
110007
690358
891366
854435
664073
457885
24715
473454
458256
946911
549360
566416
428355
509684
262848
898618
84776
938638
209302
338028
800860
486127
45967
873759
663599
254948
150138
852501
531627
358561
470124
390011
266613
957114
906737
116535
778381
225596
177501
494804
690352
845158
970944
587976
954077
22279
457719
37534
341172
927925
614175
727748
466233
929447
698085
964723
611896
113136
472761
696886
91331
166425
846625
430170
742487
113817
678186
802801
54109
52979
679161
823554
771468
695596
534911
738704
242923
26856
264523
686853
327796
6688
303353
504700
558932
666882
236296
738152
815504
687462
691401
129635
790081
490280
201972
114967
384320
97062
110357
805507
50908
104855
928483
55723
168712
790470
309041
485855
247378
136747
294654
713189
496462
676516
695847
839109
413521
222357
115580
305522
104089
80729
179375
502864
464522
85539
22696
338214
869011
551606
821110
724834
447343
873917
307937
175683
184200
673031
619611
786919
746870
461859
322389
141489
794852
306772
236909
265814
710995
564082
151556
800197
583224
842013
427246
598321
331009
329246
777731
484476
284470
958619
735314
208257
396218
719351
700725
43070
775216
136132
845504
925980
78650
418022
537747
647709
738524
773317
759503
716769
692351
310702
748837
134485
905298
302727
724234
692985
763211
818285
780167
120459
226379
700524
34988
49685
228064
368730
447652
113616
391204
785616
807908
829236
103234
258630
485310
207965
451544
355658
196946
602459
820152
189853
603619
796118
591689
773546
593543
112476
978955
913636
311545
33929
250872
745722
684361
463122
826373
92282
681842
488558
151176
433600
333900
157473
793395
455960
456600
188134
130174
608568
552057
134968
721123
687187
73282
7741
82627
598747
501418
843664
352358
652374
528476
714793
104800
720860
696811
567019
220174
938538
619619
779722
168768
89254
931963
8535
123121
157616
503014
459114
311665
590241
217480
634539
962276
464163
856710
376765
674787
907885
836470
151431
315072
89369
402870
183711
181094
988515
591192
206677
913759
544256
680187
335898
54192
583257
575989
814988
351199
205219
614892
468895
566101
803292
617924
979689
886045
868195
472434
875529
153868
773940
548271
352757
170235
941312
91657
132064
235376
792293
942867
791108
48219
522063
77821
252177
211004
502314
568510
851762
866402
646467
906669
372984
607821
237562
654512
655269
919221
276966
949387
508055
445732
68805
121626
849680
44606
307614
372826
605662
458465
211125
320353
82411
620263
487786
791918
642467
695304
142895
675931
488061
780125
194980
879
670697
280831
576721
922000
911380
169806
18751
380885
659931
929805
757939
759162
613898
916907
562824
347437
385359
646621
860840
120453
548671
81894
83751
460498
374852
386104
258684
179471
532899
80628
896092
803764
834406
349326
892213
277160
938474
112140
192324
723924
3975
705645
826963
317843
250391
588134
358611
404165
878693
825800
855889
919811
87604
579133
125400
69804
488361
816241
958052
714462
226774
600141
544190
159617
411939
874782
631801
180029
316827
651156
932039
330891
416080
521767
647416
2857
61740
760788
346321
769959
871958
424581
871173
175903
248317
538895
391059
312642
974468
216341
264443
188876
523210
994506
469534
798617
187349
750995
62769
935378
835034
667338
186973
373760
701547
723039
105271
299073
142397
641817
976407
486743
80725
450170
692951
411742
954639
280449
920554
448470
403531
219337
794070
261278
336564
52047
945807
614338
847534
243921
911602
92587
680988
293649
912538
902581
815243
409401
521443
110814
88126
654488
469369
327065
691606
696714
771739
848130
210206
622198
342514
512109
334193
359793
809096
512471
628744
498625
516199
881918
60068
500156
105487
327501
936468
607758
710738
312815
604836
416920
367760
302724
120930
59510
379915
266609
702478
440345
133478
905170
207005
480339
4863
573259
84074
652018
675557
725628
560314
713667
489272
191442
220394
733176
128540
482682
411511
219748
981017
512369
884330
673698
323987
252727
345502
783190
463456
797538
704879
682891
5259
249423
546497
430140
905061
566643
218026
479342
245826
278351
833341
778874
255255
772930
61172
25385
479854
573304
429561
78903
36099
432065
481617
378106
32191
355132
35622
671196
488654
315058
981231
816900
733919
161279
249726
226388
488951
16362
12133
562187
227571
192278
680390
536009
837528
216402
349238
324275
778968
369675
854286
339501
48548
170401
296206
904708
388392
150294
404909
785838
385000
442915
560577
486504
321077
898917
429063
835519
216651
167348
86224
335403
895498
163797
77961
108181
813583
936389
477413
472634
424111
108917
1769
380263
158544
161622
200147
761444
786275
822666
923880
390573
303745
719545
105497
706075
832801
996933
748945
8674
62452
912917
946718
724531
822301
997582
475257
684930
340368
580576
758387
530978
479622
717884
376126
333772
379674
396324
949142
78270
28996
227290
284874
265472
661039
1146
626731
821890
942072
496164
97295
653857
298117
325649
796098
945800
952384
857735
910923
319859
581807
182887
64406
617679
501682
550756
388611
867645
469720
534542
2250
147062
774813
997260
684360
291656
414532
29160
257899
568063
829517
591813
915127
945247
79380
369899
736370
737741
178438
339971
514290
770061
404224
227998
521857
910501
691334
801391
187562
442977
442844
783961
835427
238256
938244
48803
916630
850348
387605
198345
178062
579959
635189
212780
867643
682560
897587
733993
173729
485733
260803
590342
976355
406579
245015
42056
133416
780296
953110
848611
569959
275482
236091
539785
163669
625360
755853
69220
203112
490894
474230
652766
594374
99982
432131
84701
140815
322153
383607
327693
166276
941686
249676
81493
888914
526409
896391
447659
618623
667869
797303
276227
101936
806604
180810
273378
526164
147834
389323
696786
382129
962450
48059
935214
36105
846504
136523
207837
497704
774526
944180
997467
456589
156770
315508
435443
438963
88372
880614
457609
534842
896774
566076
375059
641015
393692
112027
313384
8981
883730
480594
389169
834278
932893
611896
546300
512522
787754
390562
204207
574714
938978
652414
776217
996402
140111
984144
34724
749241
785112
289350
553063
2190
843752
84985
705240
681777
993773
668291
777502
232650
262589
924151
81925
153786
587730
971521
24267
112957
144246
512731
694039
355833
4666
617897
867145
58021
763232
329203
516524
730649
251544
763580
516808
454126
594151
703747
820373
103249
66404
909334
364042
346473
66077
42317
633618
268066
14358
133546
901792
888982
550897
355403
574170
468568
907049
996489
325616
935964
259640
85553
153296
809734
347801
774109
498098
312141
307816
598894
437518
190668
502821
509735
843182
967589
58199
879593
930205
74322
851853
309383
216191
760522
192960
262533
711290
43404
34388
610546
729874
718986
453821
621919
116371
168053
291198
206139
920039
751521
168077
14732
121863
91669
676051
786764
957070
643122
666767
96222
357801
720574
209754
94187
994731
122315
454469
869278
86205
9416
253150
45304
713267
70564
814290
481744
44281
144026
731884
179051
814764
489310
73916
347956
809669
514146
648147
271512
470576
28165
261738
268224
352955
272921
499554
300972
613482
539727
540517
518057
385639
855297
569004
904750
968982
661532
7131
234137
592199
473704
742919
621185
353989
401718
333463
654199
518859
407589
400264
761374
565462
783056
550218
950180
452118
92631
855304
838876
680318
595849
226501
581946
495994
408299
492258
739882
83584
62120
855356
794957
286080
883348
270386
243345
389109
425374
617028
900139
381533
369746
252566
235956
516037
219209
953876
530013
222398
50414
663152
442832
438636
344301
934023
339109
510076
594937
849570
325758
810357
900602
766041
672448
743464
684434
916177
71086
252098
673547
427813
702947
674816
487711
888738
770668
577409
500706
135725
944640
404087
450512
516480
800221
498999
946031
613649
303616
21297
23393
456723
741760
753209
285128
145045
133959
297091
269525
213513
957486
271598
287152
413920
364340
846583
969726
825040
477275
286030
692561
58359
671264
352709
922802
247257
45269
738661
395459
725382
590940
28955
325652
982935
447810
457680
622981
246806
813557
985174
414355
267837
654692
942270
696960
485463
777521
670342
178723
811011
794965
423791
332041
675224
416017
529325
344839
95586
232205
881848
848862
705865
641743
647360
157833
94482
967577
298045
768421
880895
240735
911780
676989
439506
447715
613109
842610
485552
726831
944049
456579
445792
873775
714538
428415
153330
307176
617394
764612
308284
594393
411445
656562
16960
660204
360611
443890
175401
83993
549509
855388
782580
293656
457521
988746
744684
732544
698201
515383
600973
543937
736317
415506
791498
694074
60225
371301
663595
236664
426265
33117
392014
331277
579680
481013
582925
279816
564872
408323
589120
707158
962156
138655
643929
573492
925762
858540
879790
91088
700780
592388
744980
574972
692909
856644
718566
474637
182457
783793
284389
58966
486629
176005
730041
632252
168445
53274
358038
492790
172660
172402
255546
803620
167158
970785
907026
736008
490074
899799
480509
88421
563507
878158
810600
135026
472389
835660
182744
685947
901781
898645
923654
552789
14362
154929
984356
228348
512143
48085
799166
257867
668138
302897
899900
932630
68390
787541
250436
195175
511805
709185
487996
239828
282994
353991
765229
691834
78538
257439
913923
286680
371418
232071
935984
789194
886460
818901
377777
827999
688411
597339
50537
986202
930094
858933
649705
712962
549954
163697
223313
849446
871471
780444
298703
929073
112172
2021
230214
987749
936383
134128
774987
278007
948749
395066
143817
131655
730639
663588
565188
335355
4069
20254
804538
91191
702149
325937
656358
641979
685452
8104
121822
114648
924981
286428
374236
431056
732583
618779
352665
5385
446760
437685
696021
801198
472176
136930
135348
257059
863512
9555
999234
83490
485425
963027
103639
900023
863345
694874
228374
263508
230473
731055
562255
463186
120850
150966
732932
303941
628965
621725
613193
387898
571913
452255
278532
102095
561287
9972
868436
226863
793370
694102
499599
497322
925443
435055
720227
276333
633400
814116
891101
8098
231292
34552
780104
917031
725898
799582
548654
500131
597291
877984
540346
506699
30439
917285
975037
71600
165784
331810
714767
128257
767770
861920
153230
444389
288094
770981
928514
957421
839966
886594
474465
160058
655147
256633
76782
334443
81122
520200
304251
781312
644413
493334
779216
630992
523269
539641
324196
103971
294309
736162
679176
281837
689498
269350
450851
727912
636871
358505
985176
184332
440677
272297
676228
849710
431064
822244
992291
330355
227676
437287
797522
950447
668318
754229
517679
842846
52647
296464
859420
563837
639219
537575
575587
921158
724512
622043
303475
816775
518594
906479
871241
981086
107219
985100
587882
590675
930504
666415
174604
408722
801406
390320
669141
191619
177171
284784
430331
341512
788498
754205
171146
54674
897606
619236
959876
20576
147439
458933
746146
586966
322323
380652
840825
792182
744043
462241
696056
554941
695038
829389
7693
179484
428300
549591
201320
874001
625440
69370
300184
558690
478729
498517
380945
328694
890146
716496
823118
660368
977164
553253
70739
267240
93565
610514
198412
252904
840178
864602
428305
262144
767360
122162
838155
401958
904840
197967
736560
12718
207049
206538
288874
277505
374224
96684
965525
998205
990666
739804
336103
376617
366330
343522
613291
559763
290885
432983
817574
285192
886507
976683
76314
908528
269328
186003
960488
596483
781176
217293
236304
63020
912786
750545
368277
947960
410347
367126
25276
757563
320835
329853
641650
146496
650109
979678
3085
415914
95919
539886
469995
391723
142490
343050
328887
888096
517939
884002
299082
351688
343648
577220
590509
887712
110142
160324
753469
6108
157855
436166
739175
570115
706513
648360
698195
358311
279705
817422
451806
823552
18623
960395
412287
144741
821187
135272
182347
175462
871981
53909
365203
814472
352962
724906
518059
639646
674834
90776
693318
971456
63023
232688
846013
914795
399224
335632
752942
384245
349715
462310
667969
962027
252153
83746
201350
520265
369002
804412
329914
31700
731074
945823
681769
908312
377956
911729
250797
268410
291922
275135
197012
933625
202463
253706
828320
219717
173755
605672
866279
203260
559278
909209
746011
270525
643104
996775
800228
910699
902100
784120
222825
637312
650933
635636
744750
119819
270537
871821
193943
458439
308610
429551
52811
915354
967411
735110
671668
551655
27360
187942
65762
12240
668974
133404
98895
400523
960441
198223
461565
335647
901060
691857
250684
335612
611019
90632
870600
111733
654453
953971
984590
125915
76774
117915
848143
657463
7984
158745
195870
139683
902249
243134
387843
18117
522327
809762
528898
81577
845192
660556
836150
11002
29503
417211
338838
32157
496520
276239
449497
322411
202413
670743
977526
961545
174209
187960
798277
83941
590553
66550
994241
278606
395227
707362
327150
571056
497646
999904
662039
773099
477073
915732
342705
534480
694600
806441
599580
41080
667312
333181
313543
973504
927028
635564
710898
434020
370328
69496
478223
352503
51570
341842
75586
328188
39673
577672
977288
158501
975414
934730
651507
974757
19991
841306
409939
880372
215202
685072
400369
250975
773959
730375
379957
515081
96590
949736
152039
355714
437871
774736
977682
650689
860736
150497
950724
157569
607369
207714
579187
125814
817779
183188
728378
610283
653663
470482
783616
625210
248212
25763
453178
541479
529872
684448
343814
478937
328191
911996
53944
7157
905290
277109
410162
348504
682502
414678
519852
358449
433613
930278
924500
676026
863594
178033
955919
553553
965870
51568
320349
433591
920671
388823
837210
584803
926736
489596
227552
802052
272972
276127
993802
692946
524332
912282
812436
576464
46920
44582
371742
263200
794890
173639
3023
792386
821086
349845
347542
424299
447173
647721
813708
676798
991177
475296
140854
610537
340683
401487
78118
976479
929656
798403
103936
856429
194650
255795
979930
676539
18827
539205
851069
19170
728068
133689
988809
858276
306899
232502
253748
813516
797227
887983
823410
958755
945941
632562
791729
195660
434565
758541
873724
800189
550215
267677
968447
305690
603608
186420
77994
849584
509073
410534
635694
500618
32958
645552
150180
650868
315469
725958
112717
425674
333538
454840
569524
258427
993352
341696
800304
246752
212609
977386
29189
856243
722878
439776
630506
769389
904874
164497
803558
969984
551392
9470
951252
374958
134654
258145
451269
483076
89489
683322
822724
617911
309935
10487
215284
848729
25892
591935
528086
7416
125892
687579
823463
592916
47264
356417
896166
662010
432339
761407
806324
982337
286716
175168
877459
875808
129222
57278
561105
948203
198690
851461
609022
274280
141270
892320
829400
995410
513263
367714
869384
159785
493714
67538
294917
197556
405105
535732
618007
277077
165401
534832
45878
818183
298663
737058
873489
279414
721883
77245
685034
132986
372548
939676
61598
658738
734043
927015
704258
785273
846508
473758
457641
500296
426735
443653
477059
5992
953909
776236
406112
509905
66046
89754
506450
607332
689191
258518
649775
604226
315840
493649
189237
335239
606716
238131
52937
86823
657858
333952
804568
348835
547936
989095
383454
258599
967903
835879
298245
738371
618097
538078
704421
622788
683655
419824
363946
827503
152575
443920
487827
562905
26299
986478
112983
576934
441613
651773
793954
59740
841038
263584
186365
179619
513806
961008
839051
376283
931365
701100
207343
786906
754024
584894
876171
507008
827831
885414
994276
232185
593332
460293
841057
123023
328782
753608
859506
327529
63803
447535
933454
282533
721540
490553
382932
782477
122810
924142
209043
494136
795654
590281
397989
780992
25054
784703
40246
987291
247316
766384
884898
200472
291528
504105
318205
836536
83582
792660
938156
539111
193994
384317
664944
530197
889320
741761
891907
549366
795560
463317
865627
513682
360262
36080
922315
687881
188888
975190
112841
106727
442336
157187
387658
963232
226497
897136
562249
392424
808975
284228
336103
153393
503487
490842
426029
979650
