120
322413
827624
245052
962752
121461
441890
874466
86300
453262
192584
714922
880969
858319
470017
598352
929578
346075
248367
429643
681976
274224
1520
647984
64342
916812
175169
477411
862914
650428
273726
359866
414120
139330
247749
613871
132497
384418
670200
645250
499512
283145
473184
771945
607165
889051
22575
380597
738419
312535
987166
957699
14548
172649
730357
531035
403348
756429
529705
472936
467026
663195
179679
899988
787307
570419
789455
261696
895593
598341
808068
603485
375001
550717
297919
668266
820410
302922
219835
26058
739985
764490
54988
297345
919194
904916
196833
433035
828121
238753
330216
363033
887438
8983
466384
939048
847558
466868
387370
33280
236622
128467
95465
810183
960515
442014
265800
629055
6405
664657
690762
821667
925194
761126
426205
236633
206478
406691
217112
569939
886184
767612
649763
667272
685304
213029
7478
522635
381245
529273
755322
322821
755203
707072
548299
65620
801977
513824
272991
702846
420769
566435
344256
92819
934432
90529
158453
903711
750965
863626
522239
536201
62854
144530
838463
274764
408854
551737
63157
426127
256212
441782
881635
485794
943885
766655
774288
358487
616320
926968
499624
294139
848658
155958
616512
42864
562072
82734
752632
59176
99602
140414
740345
405952
509944
474904
171038
978615
188651
572487
235184
865673
228814
770271
205641
803564
300846
756613
655065
985702
278812
784408
382471
877001
503836
890683
52783
218508
523510
770305
385162
877512
622313
580595
566955
892108
439743
180736
998310
996893
121212
194178
430987
928013
139120
464489
922896
709878
764524
87110
407437
26196
771729
766966
217184
598780
848644
580201
671024
277565
808317
72846
401487
730514
469887
402589
767097
952384
834914
920256
333753
352722
633740
548575
160427
755311
890174
353159
422556
890261
401290
219958
445453
969012
312931
873861
713687
515753
520717
752882
627240
702741
877683
649161
1963
427098
721239
15535
267398
231218
143779
228555
845885
822635
669919
918737
874356
546947
848124
243052
853457
290459
447757
288584
621632
917403
798613
362745
893712
431459
566139
794315
695418
334121
546074
387815
188994
36852
527285
316894
112695
334132
677064
228629
932884
96891
824121
869197
668553
250908
961005
233038
306003
932383
187896
315952
850760
725214
975020
474438
745263
203455
975570
344615
951051
364046
510967
467226
168185
555509
738525
426205
512623
905307
251667
220050
6820
89815
133151
22279
833230
137552
912855
926433
769927
671795
570319
674148
112841
160207
473388
742689
670168
70992
297879
81980
400063
699734
697613
152280
683698
735921
431124
466018
785426
53947
856008
116023
89040
945746
627092
58867
964137
62961
832956
858327
27983
730795
209430
912982
642408
901571
573849
539580
917487
261802
752973
634299
745913
755606
284578
127764
938450
728251
818589
262623
424454
132904
13357
692662
967995
293121
243356
201796
337467
549269
236641
10533
809168
204763
577682
379322
791304
597070
185398
304077
162840
776418
807672
426075
553053
96993
413496
986562
546621
885671
774524
577608
898348
382454
362948
621253
570123
63351
663355
152623
879083
554574
808649
384896
590447
278680
745221
852614
397966
368836
300104
555271
40888
98763
767133
718798
679376
513549
128660
418198
456536
862922
512054
710162
737451
246457
840978
378135
187491
976072
28726
412903
397530
157937
130618
49755
494478
450614
630774
258540
281118
731641
467155
908894
954545
764154
894719
488521
39606
427693
582586
872261
840453
462135
972430
695601
804836
266245
432219
839456
689574
367177
416656
928033
796911
384914
120310
113962
803154
144455
767206
111456
952539
992512
741147
460294
641128
428418
482018
529599
506866
830868
405998
52993
634602
673410
501128
874648
337214
97838
815843
466132
140858
552397
358285
311825
749771
366405
349570
886625
181600
453729
839963
838744
258025
644591
879140
301491
244161
186871
963658
977381
374120
489432
794739
372416
464361
495360
971496
26237
203163
8775
352941
944744
918914
370153
599858
844586
219029
219806
819298
833588
1626
568984
994904
899334
753774
627865
717617
175769
11297
779950
433212
926255
855677
580235
342862
136501
670631
983108
875763
936465
349471
80038
33663
967694
721954
939824
325186
921122
472623
845233
835161
686936
277542
270847
951713
980382
174475
198609
929031
978925
981546
885178
818363
48400
50453
243011
76291
337044
754057
494499
830892
400267
79279
371229
831451
600124
593214
631990
620865
435754
430845
215122
536557
514751
799526
557610
533883
595670
440614
51244
56362
234530
364034
524720
908107
758845
76115
46098
199958
13073
436786
294576
535447
757341
969262
307201
337029
687973
900218
188688
500915
617273
22756
291477
428192
296735
363008
436590
324393
605535
371939
663359
181982
932204
324299
944803
457457
930282
181340
270861
78218
348768
207493
227456
174008
409852
69569
995239
577475
303741
651002
924817
141469
637377
875272
887437
113975
492779
130198
686494
836079
524080
456485
795036
168870
19775
141994
159783
725936
121483
898131
207560
412389
373622
287720
328229
174484
710875
291852
796385
369751
815160
445090
275790
93122
734454
560396
25680
821
601047
669390
914383
291345
649787
129553
727704
307207
611279
998148
353617
609932
420883
204957
204503
651561
653829
794045
436854
576494
514479
629106
278276
408390
24266
179670
909978
285094
307086
527956
404656
139360
839831
126410
550932
432916
146933
918922
271751
115077
234384
395451
44084
692489
156598
409821
826766
84187
396611
674410
850180
589131
482092
916439
3876
534804
765864
906874
572938
490702
777595
243653
845314
296186
139040
975728
689346
427579
368658
387445
866493
60900
22583
528245
718885
821548
868778
782520
88320
711998
865891
938386
910566
308845
534149
587168
603604
544517
772612
413554
45488
519229
392625
979907
198490
319624
320868
485475
215403
735562
614469
458230
932557
407272
365047
383637
972855
121976
632033
37650
473603
288344
178201
145240
18157
241178
221551
937137
716074
855901
901396
984866
317219
581687
120806
295665
912653
384206
139161
311175
428326
687366
678467
118959
545549
41940
952195
308670
731518
215921
960335
632205
450730
589803
606170
87842
390447
851797
980766
188141
343033
4255
560907
472110
37364
539584
160396
619956
480557
175823
991602
639871
436420
477170
282943
894343
100496
815725
827985
177814
106575
582620
905386
783120
774152
368572
33304
316115
402111
888675
570373
870265
327636
709968
147677
831802
403129
105565
674839
589807
480846
243025
974243
110129
461787
380050
269998
861216
879337
932983
772501
640959
141501
806396
377700
815741
860722
636239
47177
438095
901042
413447
744089
323448
926801
157556
617918
648874
488902
894353
589245
491910
629382
321686
445344
249728
919807
771306
391108
751902
289070
914422
305729
971743
803549
29525
341041
846712
758973
981159
183903
580666
555611
956741
588878
936207
990530
365134
2403
98403
45614
262048
229232
425951
843752
923939
356701
656528
571203
565823
44021
214694
159537
514349
923530
996377
349506
580715
294982
248742
904379
315337
745616
726007
498255
833633
230359
248865
620861
313828
155262
891463
126533
159246
922596
120732
415624
835067
152783
213381
769019
361428
836532
162588
457159
177570
20197
8337
872449
971971
983639
253547
886081
105849
834639
273132
327329
812000
523433
630419
601300
520440
896773
45051
281312
223456
894286
857505
451001
423716
633576
529859
778172
355117
548534
213731
607364
97879
461445
345323
320365
5664
908888
212778
934179
584827
927952
795260
692709
195716
273720
754504
724124
82639
390059
799651
576466
852633
738658
209619
196305
245600
901598
934382
902489
290319
757422
736480
487676
234449
909406
82890
114010
799046
684220
670088
549301
411283
635656
702155
206960
424276
895159
812517
306409
36589
428132
811812
20591
34366
152340
274901
83298
558644
690852
242218
906342
431740
156113
535222
225731
864403
830756
677780
785693
853561
127672
705640
721930
729732
614185
32893
38357
505489
49371
976782
218383
187093
954852
945312
12236
221585
760727
240716
914561
197028
943470
975771
890936
54906
338195
657161
635245
707747
126027
760620
249993
590654
97280
189870
908472
425940
500009
571830
345833
931905
172120
535462
133217
766540
979871
304637
192509
382168
590624
441755
94850
160436
473968
426149
14242
643149
275688
676351
391502
523075
605576
9142
448242
965080
778183
146176
15314
485125
612539
225818
846719
110183
694113
342929
158325
599062
211146
30557
124116
62359
734627
299559
904889
693031
175519
167020
567481
468471
296643
778553
877498
791992
923213
621718
304813
381196
32386
88255
139627
743515
226579
175565
161003
45255
501739
876468
269854
60791
663192
207205
55015
238544
727059
787476
75770
110338
699373
344340
829840
363518
788056
323358
802308
390662
36368
740592
959054
366620
200164
466386
448985
127900
934117
255540
935554
119206
26729
706547
579631
545331
917500
14906
443082
666505
980837
32069
249177
17737
578192
516481
25020
491878
398621
527247
6466
768304
960388
638952
792679
65230
127650
186458
72430
386634
190117
140721
646743
255751
157521
508017
987070
758029
293292
576255
114448
888197
935884
767007
123754
342272
535099
688471
376144
727729
901380
787443
425094
759995
82077
857698
830926
258597
547952
74430
359295
308651
980360
729193
150335
532270
361301
968530
630813
966411
317595
498903
601101
899528
915645
727173
356481
690666
40418
962042
164384
968421
137985
675756
303461
324651
898191
877122
291991
435686
73986
446240
567712
786752
640576
880640
589645
628383
529641
270587
627233
563055
523902
660648
661206
828503
564332
411611
830065
618765
152249
347087
631233
736261
492042
278878
152052
335556
149646
548972
673749
358292
224715
721252
888165
983376
248579
350682
822037
918303
485762
987152
739486
715453
517447
76756
978686
437877
475917
401158
28176
678123
604724
639864
786374
98773
123921
52078
855941
394186
478799
416260
374300
478515
997696
108463
962146
889694
167684
532060
818156
719857
797140
1844
817064
197499
499884
689473
12826
507366
534675
848682
391152
275913
631048
560730
961091
329114
120203
404863
7341
278336
900676
695343
366145
146311
442324
205412
637739
921773
777591
875304
95845
318105
282451
424460
35091
307947
347999
43538
608893
40366
865715
236586
746854
24554
583272
376857
398093
983063
404587
603830
941504
700972
379043
858319
469591
472852
328444
866088
285716
844674
774800
698019
94101
47516
242098
883899
616691
35922
831702
531050
177019
481042
366240
176107
172935
741140
737799
333530
5112
716176
596134
218167
61201
834192
216415
714185
98035
500319
299308
916127
417969
864417
595076
190002
98063
148732
383078
979942
191580
313396
935108
940591
632105
592405
657487
957520
516005
936585
995739
603135
693974
903049
628975
235173
184694
242032
483500
606657
602472
609259
603544
6188
284693
949773
19909
127095
38632
331071
49186
14320
121378
514709
538910
124740
934682
959227
872116
240254
727765
536334
121816
911918
850750
127559
319356
103973
345794
800402
778943
241564
185994
134269
762419
927092
708502
903692
388681
493463
973939
913385
596507
396990
624664
912248
918422
971853
941859
570185
862274
912153
472491
90791
459888
266185
940417
958861
628735
161818
584712
738424
577546
467388
384814
864408
979633
161242
28102
50080
413059
230839
347332
736060
492485
913460
254292
59042
151970
430830
244759
639298
439342
670404
35131
86487
768792
421686
660853
983903
521388
439528
92894
732327
843395
299846
439399
555712
839240
699586
213498
768334
695207
249017
410863
265854
756499
503796
625384
62103
697780
421899
381450
892138
805420
189859
402648
394148
371269
354327
296749
223810
838201
620596
479446
342755
780508
285151
10122
393849
778794
192978
123463
675929
782825
923075
490698
824691
927803
805
593706
717275
430274
702279
552721
91333
147311
496667
744088
850192
521322
23122
622846
323129
928472
255522
842501
217200
397451
238121
168554
665095
366988
885419
934527
495239
411645
975736
868966
527645
440366
445289
233772
665650
361215
748680
164287
92248
873197
60111
580238
713504
568314
69065
458043
90248
650749
835477
380415
184913
45955
253578
118811
83119
323809
332660
581431
248282
415576
493627
89305
959362
688611
778724
71107
797023
820255
12913
420905
719718
77207
442596
253901
33623
790444
420706
317881
261619
746141
702962
938713
404364
387961
576228
358066
971252
959646
902670
598019
488535
628076
459506
297078
977893
107596
498555
212355
158567
320342
677990
230562
946035
613988
765950
606122
279739
188465
221183
685195
682559
31596
468956
64164
17635
853023
292893
468994
165979
193399
159584
806071
991490
647407
189439
970578
675210
885597
468882
376704
790414
849817
369099
644222
988100
303046
219520
600186
397454
719870
211014
411846
195503
965662
456376
896503
922779
7787
268759
449504
579687
22239
898699
437286
416863
429588
416776
235968
145014
462220
530252
628942
353880
365723
717892
572946
352988
357553
253775
471695
126357
656840
497754
705916
461191
615974
944362
214437
954999
866767
134904
510879
680860
250251
97654
619558
847793
810639
248368
704021
276396
593483
134030
497472
752008
295567
45174
655025
122815
459291
593678
859134
196308
286529
134239
766340
454604
737593
340757
672130
702140
147905
258210
125780
502718
956143
584067
329097
497917
470997
832987
178020
354800
882319
521147
506540
706276
593131
380547
753328
253425
992630
675937
591323
849934
800543
698168
2991
861121
129162
90013
320801
278063
502132
926075
864785
183761
252542
586646
641445
131911
83928
803884
432513
336007
294283
892728
380837
514926
868130
887888
249826
563319
891958
455086
291834
243849
108501
680267
420563
278250
870991
541991
222680
148562
589596
480806
999149
422298
882477
970068
415628
686611
69645
917193
961345
214835
105972
896168
278782
29099
684393
922113
904924
801812
295312
829654
222063
208775
62807
775675
6148
703115
775545
170646
964537
529641
777070
603398
88313
495580
74736
353313
957076
187365
598825
627989
731127
714042
871358
364719
149132
228830
186610
844602
383153
440140
98872
659200
424909
659469
352794
565676
411413
760105
399743
73743
583706
223866
551196
194177
72011
807388
171002
460832
917455
734144
489247
731380
903991
486176
337180
209011
116260
951437
124531
920864
605301
410980
546594
564941
656170
690591
810064
684418
56730
959559
753299
371510
40845
61767
101980
722938
994295
738588
544576
324469
755026
364649
580771
875850
49430
217383
827203
176534
570520
866938
107614
591317
603389
185374
40833
772196
2073
158848
768751
663393
529896
984041
438058
566190
621543
363093
138465
274069
683088
869538
356277
267269
980977
536228
290857
305147
874472
727829
157286
697660
640125
893290
224425
726206
169372
765376
537162
834535
898989
369333
353322
359021
374098
522004
516087
538908
270204
839592
391006
61174
127082
243825
987471
639924
835456
870325
262886
956075
442944
875949
953915
566922
15271
571232
506951
351743
72102
948686
290993
203514
806587
960706
854004
156106
850348
259851
939567
605539
918176
746564
247626
185728
226394
3854
441087
371813
847698
32095
842188
621310
298610
524724
470836
776227
55658
264482
79788
745917
649776
123466
475817
843650
185048
665643
62468
688988
311179
774226
545926
340711
195111
247020
658710
701721
756915
845756
256252
340093
891261
487015
252433
82584
208210
893549
874565
699692
733914
835890
866829
136346
290765
786106
767719
692962
838294
466356
146059
724103
261378
615405
261936
264590
265381
573669
208503
87844
290186
453695
554424
102431
894420
261841
959464
374301
841077
841308
609764
848649
509578
665301
335644
153340
904402
40098
768798
488895
848714
978208
998654
723759
513638
421729
742240
363193
916909
632435
840482
443909
228849
564187
50088
637104
274602
164321
121029
919409
872431
567749
455490
10973
424528
110671
799375
434053
280146
850564
978628
701437
943304
326516
613714
989560
835018
94321
282250
85967
258709
44058
363978
611168
764927
428053
29440
322835
478933
974555
674908
763000
219475
893228
988374
509644
63550
892644
370777
498203
404002
894374
55563
119039
549412
218740
417593
36102
466307
937441
616420
13362
285295
372509
581986
565913
117190
222512
620659
795181
634343
62402
61985
325334
603061
146070
540434
780219
350826
791575
859310
676768
696021
936971
527975
156201
183793
928100
723177
446205
452324
88053
638048
34374
49809
791490
618464
606164
109594
122544
254198
395489
369205
41947
71369
572719
242153
922630
563819
616590
760614
882477
869442
57530
557887
935607
893453
264800
982213
152456
562005
538177
877825
682098
808243
292208
24141
741515
448568
7861
381647
224281
480060
176276
326291
335658
320454
322280
906564
873217
621013
670248
683975
17002
325641
640203
135925
800111
716977
67080
693171
137443
571314
96375
947055
440795
551824
90835
714936
737661
144732
761568
168762
578608
40506
466473
265493
226547
373390
546339
651546
746250
651139
232302
340514
908754
231287
253689
197962
553014
986246
174148
295822
707578
423090
168513
485249
477300
22252
987924
48358
102491
325698
909498
198191
527736
267044
444037
825167
885433
978132
516357
779838
621796
927146
621827
329801
400233
821569
682919
94803
990608
596802
562617
918508
594321
209930
671556
636619
941634
977403
463126
814507
751531
190556
28453
376960
864565
249198
235724
938645
853505
941900
306226
67332
272534
707325
987788
146065
816754
917594
328888
646243
514433
512534
767562
61343
123052
340207
933540
696866
565832
384112
740030
913307
67439
919264
51462
922436
164204
196747
704097
393019
983632
157930
873487
248897
263137
741233
135532
496077
116466
256246
888978
464526
980046
539641
182684
603068
713358
971796
76678
44058
753034
2752
569008
339914
212268
109121
13313
186764
807456
835375
532776
75797
386023
688867
48958
120648
758859
306426
766856
449491
996525
21257
857880
104233
977850
325021
464210
981143
352700
438765
852748
138629
893837
86111
392655
840780
495718
995955
69371
244078
889045
734160
97030
265718
250893
99561
300516
164013
425367
197708
359107
326966
377127
251911
81518
231367
189705
935415
205521
803268
687162
151214
770716
236218
63059
287232
308608
694772
894048
842090
725718
982270
817807
280928
763423
160500
289924
813810
627302
8261
135882
214490
294338
649674
325347
969316
746039
266045
537344
308154
297276
534039
118284
37131
742040
71498
362018
452632
382246
393880
363360
494555
669623
728590
605395
203924
713174
514145
472977
622385
809830
29283
220518
18905
176552
695778
775078
827477
223577
299102
341154
988315
780280
678436
229557
6457
985510
836619
321086
820698
887589
834506
885288
724536
615107
896181
428708
930655
325392
511186
383608
927578
470410
917660
555633
171900
529818
954771
882996
318412
32951
64062
41843
933710
580073
7743
22779
342698
900712
97937
333289
909244
832675
859296
470589
122615
199772
295236
77062
303734
247536
37916
386173
910113
260532
604995
228078
925624
4603
32178
468049
534783
591733
313842
775863
704390
316018
216891
902304
698516
848196
523694
664553
4464
896769
924012
666210
775243
576615
883345
378750
35789
247771
452177
444452
563386
473034
388461
875938
644737
63088
739537
185089
101025
83255
89293
252083
425656
763191
820462
730793
18858
702044
968249
76737
724586
168421
49539
602013
144168
475337
598704
192207
939607
336308
168390
719152
199130
748527
348205
865808
598474
656349
20293
298375
982118
533217
392484
63978
913560
3229
767530
534745
35360
407254
916291
863798
668575
295347
349881
188144
628994
344164
279667
827517
962761
799456
159375
816934
107827
690246
962967
466684
865288
831461
388002
123816
558979
164759
431690
917536
926745
777032
360581
568950
688298
923988
930786
631562
270339
951503
492450
41376
267278
124702
634481
999820
997463
404546
338815
752906
886779
187637
920448
827690
993775
428589
487868
718248
646890
865021
591251
65754
580784
461019
991377
808706
668861
464060
715626
6979
476362
748699
87186
856433
183166
623641
682875
794817
978548
484863
925932
244511
922917
935775
289403
534175
874290
126232
621543
459467
617041
897463
973140
822363
986961
728890
566435
251906
823563
696049
796461
443813
504935
785534
524317
375463
206280
288571
411367
100767
338453
228154
559977
588075
928805
859751
304732
33054
915910
92810
977015
683988
108267
823785
859616
282151
471791
902347
749455
1722
162634
824406
365314
154034
101775
869786
871767
286149
755487
809575
736905
52586
619502
394200
913289
284976
149743
669491
514296
571115
786911
568168
919871
535689
325547
573495
969612
22402
504639
438255
958761
289966
894061
55441
128890
972144
491702
861779
123091
299728
729399
59520
847732
458791
443186
621500
734050
446707
205816
286822
506019
355402
591409
855190
858837
839468
248840
788486
865131
625393
271477
104780
181701
732001
832680
904581
484203
410594
408463
396878
439655
510476
890692
343788
238140
822297
832982
359243
125958
335096
55986
435684
611183
971840
60463
470263
139979
898369
690291
798904
536913
600247
440388
875718
994999
522328
998447
537686
468969
615437
657103
121390
841445
680381
577274
472334
636790
115140
632526
643113
421130
230466
146195
71888
540850
895120
597581
573040
613303
603150
647329
906738
623763
609496
24161
350272
402067
959831
557046
273768
719175
643891
401641
78681
924834
543654
456334
657545
694325
408684
506253
110841
806275
820503
32334
8720
580224
773182
534912
522340
228011
465301
373319
686232
974661
225817
983680
505503
392620
201122
367922
154463
266841
511322
952594
608688
381811
650892
703346
267139
433741
159638
355528
541472
443971
531513
867095
447495
297900
835663
596668
874872
751100
126044
489367
657422
582905
829948
412052
555975
351960
539772
489109
903839
17908
945669
181694
561177
742378
298484
544092
853791
139923
737093
931699
758273
830879
445805
296290
507737
551434
462470
991477
830223
998270
239717
166535
140025
575621
620551
524946
466202
676201
331882
675029
144267
397355
721977
501856
793464
722204
866847
417855
556161
913818
768893
315585
316992
330923
965238
604580
374890
302127
72551
973598
249486
286277
669620
800138
669755
26237
314302
551790
570303
688117
447537
994597
68041
92690
57209
572462
661744
375197
858388
823759
809357
534967
630914
77543
41410
749178
159002
983247
833182
595310
492919
353196
956633
234085
738127
950677
307578
207860
892515
113051
73368
275278
950354
762425
143036
382910
388937
439065
731494
982145
795221
919105
877735
766653
853785
402072
311531
695202
922971
949273
416025
349852
262328
442771
358803
981682
272888
64282
995032
865854
939900
465678
980169
410569
74004
172101
848969
565826
508653
365720
448765
966299
267560
768135
180786
289537
90757
245834
133662
921654
208830
271989
523327
215052
317104
50758
153120
594175
576500
557902
220730
767792
742413
652858
840183
329594
237497
758910
774738
585331
13546
781597
95962
290305
390927
728343
572180
12502
421259
591022
28544
452361
646535
181847
25524
465682
226083
394938
868773
981666
355783
200358
281989
338013
395480
103701
632518
525045
193927
564630
648252
175268
949379
240349
708512
298310
479438
199779
215664
789968
411821
117691
217716
849201
203833
635827
448988
866307
709587
513955
110086
488046
992757
341781
341275
85914
540515
71824
754585
12430
603519
66371
80171
686890
935356
591883
661556
457661
513451
381089
93994
705732
930929
134947
562527
457728
722778
701437
131804
377522
256582
664052
20390
897462
226177
438927
208610
537081
824369
138338
314196
896409
485416
840184
50819
531032
931034
650524
864697
676603
855976
323140
500262
894085
172186
218523
415844
53259
42348
160874
411862
125812
993151
664866
512297
273231
272880
847112
591740
121681
790854
357501
943644
110377
962949
635881
300328
656706
936159
526532
528660
488853
312522
636544
194953
509224
398701
721686
62888
916646
965364
70252
268975
633564
714563
230432
202421
632654
326982
555188
432015
853108
658727
179350
400853
620180
338585
375946
625470
258877
463377
68470
605416
199709
923349
947722
61749
68416
575661
123338
689231
696037
746101
669817
97419
632830
619604
281955
563435
872517
498887
121736
60862
94710
949975
884192
274274
604845
76841
794575
563370
489948
296692
321767
800218
546216
517389
976148
912719
623329
76958
922408
970620
312796
585717
765572
867086
335471
659448
213087
329649
177673
66743
5238
827500
214891
455514
826768
344040
232263
51449
66221
465550
916787
88202
163531
126286
802506
96693
811092
824955
625248
214596
212839
26451
104351
33910
749313
898717
803395
686899
169672
185323
680302
749465
611828
776191
3240
149300
741338
243082
960951
184141
779927
442511
399703
273305
18965
711271
784727
15250
489405
44829
683856
136483
59577
191289
560258
365693
900772
576794
611660
154759
765649
575676
340616
808562
867829
598490
851137
923498
176562
61933
240529
413096
197504
214994
364124
242404
204986
15561
850211
275752
92931
5465
667077
670912
169619
535570
713433
962510
66530
160171
160736
196346
297071
349705
954346
73414
797293
249505
431752
239359
801995
867956
450858
987599
726686
868473
330708
412848
257326
916825
443393
366011
179674
879124
916500
284703
913128
655297
673655
603053
784557
464946
445139
640655
908629
558389
636394
377113
755152
806455
275348
82807
66394
651908
592724
125062
612708
932586
968982
8320
15652
624635
923399
631567
865398
275504
549137
471682
443373
890794
332594
274781
203771
743188
275000
926026
741944
84709
496667
915758
214418
442178
811254
319383
309394
254336
282596
26961
8391
945543
860339
738456
208529
912274
3784
155239
559116
893202
227599
156719
362966
650930
694748
927843
416511
917558
503075
530224
101772
330941
792080
920202
45480
255397
239748
33762
323112
72141
15277
642676
164537
827125
202817
218620
665577
342146
88407
107464
479822
415199
82018
46441
456214
231805
863562
200643
716845
462714
770089
848068
538565
901280
754399
382065
963909
52420
517778
7004
719952
294031
116165
472114
482480
154905
970516
289905
127583
161201
55945
767094
729010
292089
133086
577268
869667
708206
620752
604161
690041
642630
706461
807498
883542
243634
959642
59495
470364
698179
11059
309193
848445
563305
157631
403664
719647
896214
655038
497529
651112
189952
554995
947573
242539
285702
736024
326485
391470
352234
758915
194272
195159
976444
136019
743879
879987
737688
791574
439088
926307
738822
874491
127918
998948
489663
901486
238098
57273
879823
272278
83931
94711
577750
649703
479112
232877
900456
140132
824398
793390
641044
7349
121062
695164
413058
252448
365565
636242
291189
930407
559311
638158
560945
549886
999566
575609
137398
738280
313212
870196
370538
304045
591192
297730
290004
590458
808820
994348
124164
585621
509413
624469
759057
31291
346005
94618
930491
863127
461363
707621
996975
582753
855497
528207
633064
508369
890925
689007
846258
685375
552785
227972
318089
454105
461814
209914
559777
902400
976957
296861
474815
417919
567838
165463
689284
187880
105329
245031
196810
991245
830058
483681
651047
89624
735522
363035
891279
77384
232656
198715
192214
914568
328854
679835
643538
789998
216120
262678
718494
984525
260199
560882
873148
288311
400252
220458
733714
937298
959488
55894
623125
94357
722920
720761
298691
275680
693406
666791
403402
577782
737658
529361
502918
224024
748303
352751
330792
731966
209762
691144
213042
641076
223734
588193
853918
888400
390851
265472
302686
232652
268676
789723
674367
673924
220847
896226
288807
856397
800768
963046
726333
480111
622255
34724
225639
654209
138304
653426
457518
493088
33273
163269
747263
188939
956717
655645
152011
254558
885111
721677
35213
761257
705411
446442
892267
984941
608134
675280
290870
775794
23629
315980
927436
903688
259443
233449
817181
499096
570541
897882
96586
653925
713727
261633
28073
784741
167505
131994
496421
155254
535836
651015
57475
713727
578687
299064
692479
71140
1006
199478
787413
445477
80586
781901
880923
618516
522379
945620
355467
428657
969817
126746
575135
999075
820090
272303
505173
524181
429542
974092
360850
401195
144951
739936
252131
240928
842364
486007
971998
31102
652653
585929
45479
168952
93624
127389
613774
906343
821562
333656
320278
588383
843209
586470
669585
710254
305262
957188
944295
179313
417840
229799
405813
885522
102603
443916
182161
536865
366080
885533
941676
511822
447622
535613
112657
532673
133150
294256
573834
473622
636036
909482
62945
261048
109953
141555
674628
952089
702750
986291
346882
642635
132595
871200
910066
30462
707549
99968
345650
93079
308621
981405
736333
851433
72701
864965
259382
80466
849982
294651
882033
543732
221934
315198
477905
472783
