52397
595954
892993
312837
696905
216439
79114
197585
639770
445506
275198
110334
751691
15834
208189
360186
476626
298856
525094
29221
639326
448131
855383
319660
214124
706070
989583
719495
343417
432
134133
433291
945106
658408
155506
328812
742087
454123
643257
442131
206142
998436
538918
328920
297635
713158
65796
805020
35709
817593
52777
839302
520924
569374
263164
248664
563503
705601
938327
241517
848946
181466
884743
570001
918276
821696
958832
727741
267030
536491
794382
282221
88000
180388
780694
499680
681645
157963
991675
475116
197495
480517
170700
403515
673038
523392
273786
584102
111441
961444
660600
810092
698239
806807
147259
695631
97735
700269
862625
812747
812603
675371
837357
298163
201379
880310
412272
861931
62190
317085
80197
828156
449027
412800
457587
464215
947382
846427
131509
606697
424663
51251
104789
453975
391460
127579
314356
349847
437662
467299
41383
237418
643833
887902
437500
613946
319916
17743
680986
560395
824489
70448
610054
115105
577127
255838
108482
763503
670170
397476
45136
285559
692164
560226
833940
721475
871333
794649
121943
11838
611598
434454
283432
680943
61268
81081
315548
867219
566559
638689
298359
147223
833570
34807
697827
606703
157093
227155
336285
592854
629054
758158
234351
599842
679518
840421
565527
949379
316679
762758
646343
930648
697819
572987
328582
351405
884496
715312
80820
510869
36992
195490
104490
409569
236445
176486
270464
237626
1026
476180
146408
361952
652196
402638
599607
193727
751207
537520
134276
342827
192461
821846
556713
564217
662537
528644
417127
313785
693042
435958
558822
96787
303507
399685
732057
944445
162783
667507
804160
17686
464194
772051
193671
895842
848338
386328
77516
237347
349988
947064
489022
58896
101947
791740
259488
238132
55708
610599
857389
129766
402941
832960
740694
858529
952475
742526
175271
895615
327531
367184
604167
729879
161960
552710
332446
980207
20747
451807
168849
170080
871321
458287
269224
68421
509846
794989
363473
92959
570071
561623
190142
256841
404469
586690
227113
243474
871453
137538
71031
470460
81093
677937
628986
591696
159225
658848
510673
471452
513235
940952
119339
584395
798601
474571
128104
308959
718497
62236
135072
636813
329151
531208
469692
242868
231775
872687
228610
907388
478685
230723
303279
716999
426865
477516
142909
588823
890553
76309
677252
171260
426287
222391
789437
959352
135354
839743
119073
393969
682336
913854
12528
553809
940376
215470
494669
810750
662845
87228
60358
429553
244383
734711
286834
48181
937268
392723
43763
353854
716332
814297
603
396772
781602
506927
693227
665466
392558
322751
796087
482319
108119
823175
404645
248577
924326
683645
769940
156792
769622
217309
807833
104774
416039
45008
58084
960921
120785
731322
502657
619291
176918
275681
813179
53607
860528
531125
177243
204775
127658
993728
311886
704014
426123
557867
934052
32175
261932
920426
483637
622840
241835
760389
839774
521359
519160
814788
659625
986056
785613
140983
729866
248256
784698
763103
121862
117081
203486
210620
801135
722258
71410
691124
844618
746241
498047
435613
350481
625840
383216
571239
437331
338
752194
641385
655545
117856
898519
360838
749989
480213
625386
508156
85427
421250
644957
960841
524193
681678
168815
161594
923659
883278
420873
576465
505999
511997
130487
206994
503055
175320
823028
305258
834708
986137
307869
130365
932623
976717
780104
995338
441916
485076
612206
616701
283168
302517
549251
617874
559665
640732
636263
675617
326996
342513
654836
420426
963392
488085
37688
954557
48002
295611
703869
995814
343515
524961
708739
437364
875780
309290
693711
156101
496530
75738
382812
981040
37555
346093
897584
657646
564952
130580
917066
79013
693549
677005
933623
754515
190595
54878
929988
200851
117263
430061
16526
969487
885196
238207
246645
660739
60731
948811
448943
44393
713355
161978
948409
373639
673171
212286
93095
521745
996923
637644
612445
996539
88379
943415
152150
688672
318075
636266
986145
516296
173466
756226
113325
556249
57547
66438
773049
445341
187033
632836
20909
512172
94475
745929
593863
690550
726050
709372
249198
325807
514303
706455
776803
548631
712353
117635
61013
529061
742733
209616
229331
336015
440262
85966
31900
257337
507068
736587
360530
510584
103425
359080
440269
424193
302646
828890
322572
413170
540356
345723
983687
929213
854150
474122
29344
936621
275396
224005
393655
643542
173595
786722
25372
211102
2680
665125
646048
116065
901635
959200
849028
371973
127960
367181
109331
818588
311792
578305
686924
408047
405982
488910
812727
235245
303478
674936
519448
477872
91400
732433
290497
61928
2442
960436
582786
366950
352019
902042
418172
320839
565444
32156
18644
997947
124225
324677
155203
58673
933213
692947
99017
322913
462548
553483
828033
823285
867569
53174
709648
545237
760528
324987
49271
872974
741182
265690
124105
696030
796988
642819
691382
462046
67107
658065
647173
529356
35873
138918
176288
266868
501473
159075
43337
386171
405961
344772
908523
942280
295069
729687
110475
374671
122241
864983
172317
807099
71579
475369
960883
410552
221271
859058
1424
53850
51780
651795
161499
548717
399259
907778
960431
684442
370592
943174
736975
737202
928673
882318
666103
254490
505436
9391
381965
293524
279358
88377
936311
713958
59845
63412
272710
809448
641926
751548
862863
579055
895627
345334
657371
928466
59668
496302
759924
895125
184382
337295
691808
611066
700866
961086
991338
973216
618452
528083
158107
947797
892843
661172
62728
94912
565344
315344
822597
123492
761392
946293
189559
962386
251484
915471
611143
549102
218480
317566
440051
458203
342624
142866
822334
701190
896013
126886
267848
750796
771623
905558
15928
302921
514925
442782
427093
563070
134289
24272
441780
474718
156791
942962
673036
534133
867803
892466
378149
792565
782033
706758
53679
372767
372200
376292
324655
245643
159272
905947
801044
444244
990587
352525
553064
192546
774696
599049
418018
489045
734714
834313
221976
913994
77311
786501
180689
356814
717036
75185
383033
389149
557790
950426
583726
467797
879611
74648
617463
356796
54839
383281
752084
631146
945523
620299
28208
706261
20287
855819
433139
378039
976448
587726
673268
56542
427949
893058
242700
9488
44467
692643
580357
392472
555961
490702
366386
139761
408446
394243
184984
558222
956125
715068
449674
35908
760563
420644
724498
445461
297175
183926
312267
79834
8840
32051
73100
377356
648741
131775
9727
414959
79317
841177
188943
638811
818310
784693
813055
48744
9043
423736
351128
48629
545727
309967
625339
157205
127454
286509
843092
781655
495635
592031
38255
697393
583348
818381
231844
973768
9290
642639
750254
477471
313460
847913
729178
785433
868779
175333
714907
547628
582303
773772
439226
205733
627393
460800
444778
387537
504922
837497
603322
531983
958232
350874
891427
230256
761193
859631
965825
151432
700672
230342
949535
697876
795253
746343
72427
349639
625865
162672
911560
651571
419335
848466
477442
784465
547781
841378
175261
686829
687690
486236
356678
440945
550794
841723
806315
14667
204108
725230
954214
830270
244524
174071
301012
860930
89085
743589
55044
392217
871430
72172
607820
773232
646061
926110
224373
387821
93746
126664
452886
846235
846738
65835
521854
661104
709772
287190
698315
963895
142847
166877
819735
257502
928434
31544
881106
438430
250030
381562
620843
489026
279366
25323
825576
900183
281911
889029
740310
82991
254122
805128
283994
920465
70038
381882
304677
105408
724162
687998
58054
958118
510568
164368
658649
769566
878645
342619
700125
613531
849773
526263
782884
543224
66092
438082
798115
603484
719815
860762
762345
355529
587857
401844
97389
21378
243706
718236
500736
831191
608273
93065
901217
518158
655849
782364
278191
632176
642714
359861
920185
217133
730207
665458
309937
434668
971997
337989
819712
553843
238531
328881
657843
176112
587468
893793
47058
894562
15393
685605
919377
34151
372572
559178
535136
890402
187880
932756
236125
412936
89348
162330
31017
540168
546662
452735
748632
281045
544572
110984
455874
705425
583437
789599
214455
856279
903551
281187
947471
857189
98097
187434
374046
884708
623752
443988
811655
55830
113864
366221
751272
144667
171032
378078
529267
639712
267752
723440
555804
183333
301550
615967
986862
536296
997899
845303
910393
114867
80973
991246
812198
518847
623501
532350
6571
359876
111929
454013
418777
928222
846956
281946
867090
890461
487481
60949
686489
102761
883079
528092
82882
615696
966806
696350
15624
603694
806752
889294
537597
868024
483162
666934
90524
412709
803033
278389
334394
303033
835986
444183
887515
345647
120890
35727
486241
1346
809996
954067
369695
205720
420393
833876
252236
685260
815193
641113
243604
508758
483055
596279
468680
746265
302923
820847
572788
729801
769274
707428
958801
191799
350776
554167
121169
251131
807829
884481
207256
4605
857588
809516
238027
564256
948592
629166
536512
101707
475674
977444
639893
692436
266974
130887
80540
302411
22980
194189
895604
159841
594258
31390
799859
421236
665166
514481
25343
764728
159264
541699
868668
472131
517654
447540
704543
695220
243010
212478
597218
114881
843390
663826
65680
157213
267920
645585
305408
11970
381288
144419
232158
802464
971782
261368
57764
975010
956408
289369
693097
830297
819329
573098
542416
650247
834774
68158
176033
519882
854786
466199
291700
900580
999081
294585
906505
536355
569769
365801
600181
480753
302428
90823
713207
86906
272826
128645
184553
481077
293596
536643
272594
786386
842907
701321
267416
520511
993111
753248
25235
360982
940627
151245
823036
110566
172030
959595
643460
88988
401101
258788
265217
732365
817411
152267
804227
794787
552402
479321
647621
237091
177435
175363
840831
544535
67922
499892
134296
589276
968829
639276
971897
782986
45723
382709
192893
1595
841185
795325
399492
526330
275807
380885
763175
546314
949570
228421
576774
673104
445874
975561
572796
71262
89116
966701
894452
691676
328906
800000
77589
755413
725165
862264
98137
507931
548925
479266
862715
303512
199927
674691
457359
763763
649669
135568
485419
614363
686972
305863
386947
601267
696575
303145
760979
722010
920896
588180
977461
134550
639207
682752
600850
161500
110219
657046
207221
141758
126493
575336
717883
91505
824420
6481
236327
504058
612706
177194
354962
780213
142934
724006
29823
766594
925723
300107
682445
20365
801326
753806
827909
282679
698124
700617
790995
868454
781050
679707
463826
459878
296350
57948
756544
201210
352779
189947
207825
262787
64794
480247
73183
777292
195507
84150
104766
557360
451883
977221
583086
976680
449352
376621
628778
93493
333983
939054
69341
866470
281438
615131
312308
535943
46310
217297
983310
582566
106192
309781
367952
675843
443409
832266
974166
755539
537080
281867
52932
817137
130708
41323
829946
480802
243186
679046
974054
368579
239427
52612
813619
393041
629597
327850
160095
880789
91864
918236
93034
458154
433433
773683
67178
347244
450987
877815
719035
84287
202952
19001
340244
398457
498936
728720
237878
128557
465233
927406
677373
297621
289820
108510
265753
234459
223064
396124
371798
39044
603480
289232
457558
125946
964615
804777
880545
913652
203596
37074
532499
813316
706248
537108
247156
12348
422332
690504
635493
661694
745416
48823
975733
220767
990350
724816
794259
719928
639093
705669
479390
999689
596170
14018
222681
181001
908480
40138
384122
67406
157208
622640
181281
860949
455580
732400
934694
475311
825861
704296
993995
214025
549756
486774
510352
220438
87998
245039
926054
699163
588696
426616
252155
776854
370322
575301
257140
446988
4200
591724
488313
476142
160947
667429
690985
991143
393511
622944
437423
703109
633461
921539
213548
105601
547217
775487
186260
866156
312206
592846
634773
212600
125924
984715
466353
190113
33044
199277
826285
293942
385890
24097
677409
562824
386049
983492
124976
452206
368717
681018
161618
36593
888178
392174
923469
828635
923690
967462
456195
854231
698659
646849
627428
243205
265534
481168
567363
233245
521716
235855
536006
84093
618003
245503
158840
84240
512614
95457
167097
339101
696243
805136
630485
379753
147294
190267
136177
679562
574251
296191
221601
702346
688929
328221
174999
513716
757770
557661
417079
904126
871574
108862
452294
585682
676127
799384
114880
315195
661255
175952
315464
231849
65917
451576
218234
186144
476063
300673
267804
99203
209849
44829
837812
502521
198764
757429
523123
979962
147626
226372
64591
328760
887390
930895
72814
514860
552
938433
315006
318587
517126
986470
331041
8453
991694
758404
327430
773899
232792
590290
430803
626362
989432
395350
219966
565464
494952
509342
363067
820554
664197
177882
602128
26303
26480
942868
892356
980157
109717
262606
248949
370246
878728
336567
748233
417574
289035
279945
391677
874652
34284
573058
805785
75875
419339
222012
536772
123292
40826
2859
333748
89945
943549
570419
880765
984584
169456
298084
951115
604090
802760
656019
685803
502351
300977
934038
287427
342080
413335
393627
288866
609161
349121
194149
703602
264689
294487
963429
521354
119863
633988
21617
682144
482331
679798
649827
23964
131334
733122
89233
362375
129110
242085
624292
237474
717962
97638
367895
649683
305991
342743
88334
259642
180485
402106
506000
92195
544153
455871
602467
271828
830559
61739
820163
823941
111747
77013
530750
670063
975660
638411
236271
823037
504454
853969
61589
348191
807787
150601
416911
795134
737710
550958
72310
589258
993859
222906
265431
911790
847630
106216
495819
799781
184134
983316
910261
644326
533830
229310
259480
463547
449008
973293
133586
652592
71806
945648
352697
837414
256295
784191
556369
217991
862186
197377
262567
761939
461433
358695
422604
952985
93381
876533
311409
552130
430370
911585
334556
633608
652952
203668
939909
20548
301893
125197
641679
364004
329970
689509
970214
737979
397232
675245
208625
509042
447470
636147
528436
574876
299099
410852
178246
326952
971954
967179
44393
517359
378983
807095
685771
926509
34540
214459
239256
881485
929056
157455
838138
115869
569429
889172
406766
851169
44028
311861
708228
980163
147503
593513
365683
44840
959131
72149
318230
563933
186952
588877
977479
566768
696903
386043
678679
947355
422903
435288
440551
970652
201331
40792
531366
794592
314843
981859
955175
498909
369598
840765
108957
158079
699297
49606
792054
758074
489519
118813
18322
918334
178428
445536
621727
183881
613303
491535
336787
89750
311404
288079
391236
722803
46068
226954
246183
10544
957562
404403
987171
927475
391850
561447
541905
791081
199991
984751
755155
725399
176265
386722
606158
654926
38018
967976
346949
945213
682988
597017
797203
551200
685441
565699
933125
585879
746838
495627
357713
109777
777828
744618
80055
653607
28724
841625
578995
110533
787367
183048
49180
451651
579679
571655
727965
639762
619278
171208
280013
69073
55641
85563
795628
38719
137896
901017
810236
641675
958988
176189
17273
263240
738766
641836
511095
200508
373392
130421
533080
834263
785762
416820
38310
608449
222820
595440
956179
814092
839763
713572
572618
937737
254386
981467
122353
792886
33493
102196
443518
217109
764621
191813
488179
826264
473835
54556
697975
325304
571699
876513
763475
744868
902623
237399
692741
921303
288396
476033
834500
587458
982085
612129
289810
367529
427499
424988
856503
901130
685885
834425
314271
548023
188682
347592
273554
553541
725936
728223
39691
832605
756239
609408
48888
493551
374096
663126
398669
660039
451468
920094
782085
532024
415642
676259
602551
335924
625784
279265
87633
413117
165396
684235
181747
433590
558264
153576
359722
437203
849169
62808
56327
617904
229850
311221
834972
207805
997738
859221
342546
827222
753302
681131
533290
996080
251908
466701
477134
489263
618509
382288
317459
778069
864782
537551
844046
8662
970188
695627
578640
334983
860353
696876
576447
460596
189383
631462
516562
546640
245088
329335
825896
433543
545632
25676
403846
116912
289591
136323
694443
460318
120543
865612
512466
182294
335902
373032
249540
408602
536376
524820
987799
901348
585909
393343
707014
14127
149834
712438
758062
174126
326759
615328
866979
536608
927004
481381
576237
622011
24169
181867
144034
548229
205216
699896
640417
430658
146041
852795
700648
101128
672114
823590
722003
661550
613217
837940
752818
964003
876056
890376
234053
262234
206579
345206
183959
817635
413056
791258
695156
611413
979980
208230
964423
822760
481222
339898
439509
22623
874322
328428
408144
626978
292909
943271
542489
454058
148024
961391
467477
579157
694691
687042
408043
797529
600951
436442
497623
888853
517119
920912
63918
579331
8596
472922
245614
943754
487940
14517
834945
674096
127775
160734
137807
523949
956125
603897
792508
983194
61871
919573
319365
653192
84769
415431
280498
400814
410920
196531
666553
236922
15694
533545
536495
449608
360695
926699
806763
372208
920206
632653
777465
419386
410065
873013
44088
77997
976631
112578
82961
740165
649338
48329
56404
100610
230276
723131
109616
114141
270266
866338
109135
282582
156959
354442
624972
366824
953127
230588
921618
976414
587865
915878
925522
838847
101087
297942
890464
774053
389101
825893
770027
648748
451404
312752
638615
295749
982210
782466
683129
20906
362784
224206
672494
141740
554152
68631
204504
501224
696920
491122
602743
898904
106647
983395
782111
252165
648955
361765
744219
188378
47861
950982
293663
399509
10650
410990
214818
550358
586382
803840
948384
382362
904655
665560
173802
51841
603739
42613
982760
27531
53183
717232
931629
302113
807486
294634
60789
37328
291098
992901
541566
449808
893506
107017
824447
541378
692567
372518
368969
13753
435164
744921
906041
705328
961403
179751
970263
401561
973998
161030
83215
150293
748048
413595
882186
472959
24321
109534
539047
464290
373295
53402
839771
207947
455176
356177
91426
457978
634937
680125
247136
449970
552289
924784
600409
711856
799127
900509
685129
458488
102036
454703
843874
401226
101055
281175
575648
740724
18580
593891
173578
687041
779567
41994
727047
653903
35963
380548
198169
323326
50738
402710
215739
633732
617935
186731
438803
240094
766552
619038
347924
151073
924737
327253
795252
950383
610687
185031
806852
753861
184043
56861
186545
152240
927310
721846
468501
498911
101263
193925
38075
138516
338998
48022
785966
74357
210524
547822
352828
112511
998769
256271
886924
744794
938282
89434
755673
25799
571589
229327
773002
21045
117306
898928
413744
166259
971392
970885
826203
619968
833912
934136
246937
715071
385658
746336
971340
809415
39739
913435
961639
451670
266264
297747
970437
827301
73345
575716
203942
510486
981637
99604
622854
491018
739701
110272
107420
976911
959032
203992
697068
565238
343211
739329
689353
575747
254130
88665
74987
75390
76128
762199
224296
865255
194687
834831
36819
834950
447932
68565
703918
680608
546098
832378
724748
749510
350225
446898
517320
529927
677290
435990
359451
791877
720603
704772
31454
612709
647634
492132
360989
564448
410303
895942
126804
660407
982746
855975
869513
306563
772366
886739
704581
957482
324481
629988
304112
189550
893441
287976
442760
543903
131212
883808
390398
181873
618427
923621
298413
336104
48653
638118
573688
976431
204940
61900
760126
861897
72606
791486
811772
743967
860843
666816
228480
447927
572581
971958
283462
478725
929464
7431
530225
907164
485648
693085
936871
806653
609922
575496
132745
559888
826392
372162
890126
222384
860028
352525
563707
357729
383807
857401
493697
232477
598919
792386
33779
916683
325331
157141
328354
385361
400684
641203
25622
491200
735851
400175
592236
100526
719457
66321
390215
292514
988646
258397
367604
472359
140097
281325
829150
234115
368881
907579
748010
988290
566614
163643
279152
612587
396863
338597
841111
450708
100561
68752
370188
540753
456208
740602
979551
668424
668621
379492
985594
672416
770860
112090
530046
207576
161873
701713
402107
819636
730599
313832
423692
345681
764620
532881
367950
395994
350301
407497
62395
470995
586329
424835
636582
160339
48820
872803
103637
437071
259835
314789
723190
500816
414
539550
129344
247687
213087
499995
226087
886071
960918
354278
35515
154768
734494
114983
589534
399836
433824
853414
506080
341842
15801
58222
841337
312008
782795
464653
828194
571270
541213
971321
533840
753910
298096
168717
659982
716983
111583
418800
986358
42064
378033
949846
762379
70017
978175
894624
776374
410166
192124
989983
181851
294293
624294
687990
162904
458614
202568
482717
670746
217266
43561
667266
89115
398036
473045
239946
270652
502061
232069
850869
144826
897924
730413
72543
183440
183913
255139
44962
791017
682218
822119
124249
118401
813343
576595
721216
454295
136544
326944
105911
206289
913111
413074
38245
142124
511280
787586
338425
592669
197485
40454
214220
591369
161621
717182
436450
493854
133132
80766
690192
577868
639486
138643
673143
510820
660661
910004
121070
661323
206667
831623
276478
756058
407865
919948
670598
114710
708045
964586
264767
547143
444794
41108
683226
137079
832970
428312
860486
941960
647982
684100
328653
979442
910198
702645
158238
299417
448987
15933
534437
117191
681914
407984
179158
685003
664156
9867
815178
607469
543024
32002
203840
840012
857626
486437
148228
74903
100068
315630
462957
680676
378130
101417
272767
150128
312212
592064
114929
503540
771669
467298
420874
709984
873329
621712
586597
49782
236867
313156
668755
188870
28827
877246
678943
83010
725711
532076
498348
262077
399337
181749
913403
356677
710654
376354
174665
185369
77214
916969
978005
208841
596455
31640
473791
828393
21556
78491
100236
822769
286131
918825
219590
878260
616660
155089
935041
184251
919454
317917
67448
171838
210524
601696
163413
113790
60596
183265
790671
446465
121431
395620
332590
924011
469140
579089
493930
762102
50568
827908
642993
917518
31856
851568
242376
38796
61727
421744
878409
684876
540682
363948
952330
819757
949889
198948
652958
915940
343160
204316
864181
68093
973892
609380
625119
238128
595937
594307
620461
494876
192367
303360
912824
339299
326206
264588
275579
127777
980606
655183
576155
881673
257625
310157
461384
920990
729180
164853
995707
186187
81936
897094
410911
546977
849319
63838
723340
102187
801106
34209
948974
756078
962864
467458
120772
653442
700320
220913
199109
529863
744311
936225
828509
59270
837005
200181
533588
274982
951154
501638
107152
248968
796862
983251
377265
160447
796806
150790
550810
91119
781547
855071
88848
464897
426956
878976
657210
578752
496283
321363
990600
443923
481549
515867
137456
410199
974827
945494
157140
315672
97926
377996
393472
251949
381064
909432
897295
982509
993125
530895
857837
224593
654895
950833
42102
629224
749385
96107
42557
767921
891571
888295
369450
336408
417669
625137
526139
966416
742519
816998
307499
634441
675996
339067
415919
178511
724719
382055
857373
468159
693574
966255
328552
735590
484451
179020
988934
539127
551146
870458
322546
425577
139564
963295
652173
513771
970977
605782
9312
382213
815413
731608
917756
857868
772345
243463
903362
437953
458618
37910
26751
994952
229359
540951
144559
495872
32204
732450
9187
800515
166131
324511
166205
949819
218890
344305
175383
65183
602983
234431
979971
663177
931048
468128
335725
243510
963424
276707
469277
579033
395692
90488
44889
743900
695203
266109
852007
258420
357867
762089
96048
277855
56169
305359
539200
993149
18960
18448
766570
55112
295195
982048
345161
164786
449941
878753
16026
220757
855235
578787
548522
59528
177537
458319
119375
716198
621973
397812
654870
358599
247572
720147
393440
675342
754622
47202
546882
614211
568880
782508
667963
943359
434156
414421
733266
858752
767619
679036
388620
685789
188573
703801
622151
459923
537189
548869
442935
904893
66259
756729
9914
540258
53463
522351
786649
74473
320031
207429
797789
492775
944645
711808
373644
894617
548248
249996
919871
179693
330950
404641
488353
957690
52195
309954
717062
406353
97880
858592
218853
815851
316010
792987
328948
663937
396710
236840
878814
340411
819687
102797
302564
357504
884419
443209
790477
787628
235480
508050
886475
387744
829102
591158
286892
701362
283977
417187
540153
68485
282382
924290
288047
204916
693839
294525
684439
754856
950773
161122
183620
808202
660553
415199
189225
44945
925279
967213
405524
535612
132383
421514
515403
381276
205745
332702
500546
350153
40389
573887
117941
656373
143868
61584
808424
171485
796726
660036
259193
986523
197433
758208
170270
173465
946106
128799
676353
689632
810636
808847
24949
259534
729570
306648
498003
215206
923138
198013
12086
96065
259913
404667
547855
765923
928661
685614
352549
736297
98386
693203
271980
763742
578788
551016
774081
763180
570926
906800
266432
784303
352381
893779
114499
717029
337621
564065
307319
51074
407509
956855
261852
392928
820809
989946
712793
844052
258444
936001
766329
171420
455960
696911
527366
844404
478700
403645
492544
321159
102552
491063
224314
518147
175848
596509
386386
714181
664683
785225
84107
787892
776543
15152
160649
361513
520570
433633
733480
384524
353623
773035
530552
831162
33916
125596
913305
143778
259140
192995
645168
886511
486766
226135
115331
232991
82496
320016
727223
78451
911129
804339
341539
991679
910930
111372
455568
223969
586192
229908
351376
661710
908842
705169
14263
767880
681329
988508
6587
995820
256800
899966
153380
637735
736353
802356
693935
837385
615546
610322
856005
999986
443218
470212
714067
473064
520612
852463
552197
476683
169663
719990
951268
744095
362487
693400
230986
750601
144620
811126
560638
96981
900020
58290
131376
993332
730728
861748
401042
436739
276040
998726
421264
97606
369356
298079
877806
549107
38728
896573
18685
706923
857914
929771
227002
562052
432819
719650
937731
683009
733664
961932
715639
521507
204213
139299
251753
579928
646197
535544
695551
725138
523616
182736
181101
656947
440633
226921
678602
698468
346738
557082
219148
213317
488118
79192
839717
739006
80787
211925
171449
842484
921475
890178
541946
353816
838549
196214
183714
809753
948029
746407
412812
658618
362292
32788
785904
756798
559629
936645
300793
639167
941718
988010
374213
171997
657319
308961
719224
378772
641354
453587
291773
518503
299142
245373
691355
359673
218314
607885
158895
587258
562227
409570
989964
406462
227322
937654
62187
469481
809725
688984
643664
446855
516584
241681
234556
541176
86464
660777
423305
779784
930572
882114
330405
53853
13408
587617
545197
790794
4999
983949
577061
43328
510988
562192
849042
649379
522469
975642
317365
982139
576317
244613
385764
128385
302621
136692
501702
191257
449846
307604
591082
105504
972109
953732
912196
187098
526787
267089
953926
744590
730176
169434
419287
267822
276924
195411
967091
573934
778473
940836
276447
857461
541377
754929
60679
72369
406695
220149
541686
191621
706108
939335
970672
203742
281281
348479
417455
346915
442084
959794
891769
657354
376169
443480
988442
651464
245430
47311
669443
115744
592763
580664
523327
535453
31548
762752
500558
151259
459836
671033
780576
192127
443720
12966
573615
258246
284893
192086
814073
247675
969590
405159
702873
868930
433334
268460
587969
873234
97839
811177
126358
676928
804813
302971
57640
719926
945251
759444
611213
569602
711439
912292
974617
222923
113547
60052
821819
909342
651411
200044
665463
920550
171247
799893
811580
288122
495900
847672
495265
751825
577051
43012
105537
797968
191125
127119
741743
260740
262249
720148
645784
814763
951188
353371
449652
876397
341308
956790
370344
43304
822361
773095
742908
594921
265728
360991
540532
613238
883470
520865
873357
357064
73133
517061
846229
500054
43014
6489
26791
84300
517763
744482
326338
615450
262143
168512
895046
456489
610765
669615
471754
959593
584866
47594
9948
400838
579680
545002
392918
202425
186623
197260
911769
567163
515994
993168
221929
549140
813076
911357
19877
136145
375397
191714
849569
192019
346821
41976
675938
608260
961395
414372
434549
298021
230946
930008
949548
568963
305153
985497
828086
982793
452645
44635
101914
140654
251542
203208
606416
226958
546355
283168
797564
175575
197314
921401
289480
129050
488216
916328
954716
751297
736673
487224
139517
89056
143501
20887
73983
353444
739672
21393
148456
9320
746292
601459
996387
110246
61396
347473
799454
285386
863831
863652
576832
811298
131471
512139
465930
219570
567470
322098
141513
640549
150604
861968
715573
982301
714328
39306
483178
935915
299800
976181
298048
546202
252574
824953
233609
298918
231497
261073
982886
211530
