913308
582596
736302
436413
263377
335820
683679
730244
334889
729517
279832
145914
130747
756606
323676
651699
759701
245095
667678
84710
777075
672558
309117
291145
787150
967005
897902
370312
534603
536274
324536
65633
590548
107043
85528
463455
516164
194219
849988
878832
591868
245366
408780
648229
472275
589444
327069
134982
103914
209278
360544
525008
316253
712563
492863
40397
504149
769740
670216
307405
436602
712660
798890
466630
835718
431902
846875
19014
700149
143506
1500
547088
956312
73752
874004
367515
383113
200288
882329
261091
479417
582603
935054
15977
517093
983673
964326
56398
835559
300208
359111
512712
917289
127013
18697
183038
38516
614635
807773
688262
922150
447733
57291
773624
773698
547465
954259
383471
28322
969412
518197
586268
613575
262148
155021
197702
682449
489717
636246
548258
643914
433212
476559
665162
380188
581497
283002
77406
797539
3645
910593
260276
99933
638856
484212
148540
281406
87613
269165
459445
460001
664804
231701
771078
856
226460
295743
462522
24420
484123
900337
80667
479168
626019
662724
66537
689112
515524
498337
577144
225815
917832
268139
831267
726813
545278
468795
215792
919440
931110
345158
275458
22410
872566
23131
483701
560
242567
723849
963738
429858
8287
279646
620559
932046
471067
292170
868601
112031
129273
153697
179936
988756
41984
292351
183464
8107
935564
936453
243304
63739
365754
279170
957545
688289
56236
746478
815549
119634
192441
526672
254521
592528
654388
348159
593488
829944
757975
48709
918413
746935
105165
30943
407788
685533
894297
259809
24854
71626
126694
741558
324664
701893
83883
307269
834559
395243
535930
82544
820210
58884
375206
998390
109547
548081
359887
175864
953203
762498
525068
955993
185657
942564
440179
392446
271663
446519
238663
637620
471874
99070
174783
450097
12083
760368
207151
372915
909527
764267
416533
441989
113767
715336
559619
724768
9541
575689
40932
622830
777292
31471
522092
631466
906258
397352
810720
904163
53949
325094
856511
813406
876607
47819
612108
31579
215535
79808
462585
378160
591173
720229
50161
827538
631154
464355
914178
393843
873946
888029
708390
675077
876015
348548
407725
610524
726251
253257
179144
101361
248681
552686
361524
585666
478689
260918
603072
627159
51390
689019
898941
238240
107294
174366
447682
207867
313061
175896
171161
368721
907454
916847
906442
982304
476272
408389
678401
894035
463832
671563
285662
942605
721481
908306
373913
509188
238205
732866
875408
37706
88054
792419
401519
586408
341813
477913
642747
432419
79702
634413
184635
855520
596550
125253
150147
568227
820643
791350
299230
17011
165998
214256
996375
488154
125359
49432
704868
66249
173158
100083
423152
444696
541097
892669
67396
445674
608415
905050
586641
912622
702423
405476
722396
317059
499782
128163
234630
259123
906971
257818
262455
955104
456321
478462
503975
248381
503536
957378
416905
143795
263472
581517
435796
981859
734572
241229
58991
419979
495023
135909
413880
138370
380413
622402
717296
677917
57232
208651
928775
637812
110318
790455
168128
839679
857187
503736
286465
493081
468257
794965
410746
369127
375920
800533
646383
605074
544531
907735
736291
884975
161209
507263
787683
281024
797021
56075
621676
62676
742779
626115
122298
912073
559918
609807
314094
739634
952235
661346
147482
877971
860948
460436
855405
267913
337338
302222
324022
780295
337650
177310
718358
247291
641042
812331
197959
148046
462921
333698
868354
358218
784600
549262
906386
177687
202289
905127
775475
186398
810666
669249
752998
450319
341214
971909
661140
666237
897952
853884
718044
822566
15965
501288
837947
621649
598861
64493
724695
289552
826326
695468
336616
440037
581309
937521
9604
46849
201097
956802
509829
602151
447990
507288
929496
422704
908115
64426
861029
78503
941113
957284
564822
282004
785640
841271
960007
92822
606847
581194
172104
391081
284503
96398
892049
124488
300798
276207
683715
383788
186699
621158
451799
183794
483234
621611
425829
5786
415686
617544
839187
273963
66774
693129
627992
850037
129958
115664
144236
42607
940923
97156
413454
851006
27746
264297
62193
752343
207405
743756
912068
660475
64459
141461
117085
141089
832579
996606
822081
362034
569805
942691
696530
763694
355981
581103
817686
763564
212013
425078
285983
799998
283990
295906
459485
644147
686538
135620
687932
530997
73697
747771
99411
836253
772244
228619
292442
566764
385238
581983
585756
788475
606718
365078
15250
123570
615515
277763
441949
194191
896558
486741
36264
12898
239781
672104
370026
360226
116642
259751
122440
869611
926707
294555
338391
497109
827943
302997
112959
353970
537718
572468
451259
641571
827807
343444
620476
721047
538511
535699
360301
471010
921149
1089
515922
876406
250963
865187
554634
416192
918726
647972
793651
19873
614150
301081
915052
330567
414033
357231
591094
33768
621283
922996
56499
219419
407560
148158
158289
942163
772561
751292
286400
236984
879461
880535
396382
322275
821807
452548
718581
154166
153525
615977
910874
455127
256712
561449
338806
442695
229655
928590
570273
325602
991135
639442
300266
786485
620990
517002
559667
962295
852133
897200
786617
33254
358698
579339
112434
84543
714557
450301
51599
339162
371443
694697
545377
747679
778174
798335
237272
14953
470974
796517
350054
119285
250608
237635
803905
272710
257156
230059
36808
266073
285709
554660
95485
80192
759570
518866
162224
485342
384705
591811
49661
17790
56259
807384
324972
975568
278443
835982
966198
893824
773319
83048
354023
867316
146137
516987
986719
755619
68640
617365
128946
723277
917007
706443
90735
654170
943711
835934
478078
545939
848448
813385
78563
137783
448555
804714
978783
252987
362963
870282
548597
932002
835833
440843
508170
690036
267807
386477
298469
812766
306260
364156
312343
136614
396398
112282
311860
217608
336406
220517
313279
779634
4605
819844
514596
163481
808941
201107
546014
923638
707962
479657
11961
84577
52183
136066
136945
902728
35652
412494
958394
577548
277093
904597
177881
454136
471662
648837
84143
560478
455355
486489
615574
244816
949692
471784
778980
781944
91854
370440
859725
969493
61220
183965
767269
322194
307428
284289
151554
935428
7886
222801
916736
854657
955031
531346
721886
839063
487060
715775
522693
178736
992850
617264
916649
312576
34882
318120
851272
186792
542801
393915
145552
533419
60438
744218
287965
684745
780965
981245
174176
543869
572993
828588
322779
684176
549229
224425
106440
51417
603619
286269
805466
827730
709534
93534
224667
759895
177746
466681
938164
969021
124412
432738
411787
689932
970771
108438
798022
348251
431966
488489
85231
478535
800223
220880
666352
318159
706861
679565
696445
621647
391263
278323
293584
116311
496036
277653
498192
413864
170608
534671
294219
69194
414993
171184
438050
362508
338080
549251
292676
217818
7250
379320
924818
412148
223022
434100
7586
776657
124697
990450
886303
819727
494989
184980
306190
824981
697128
916618
541419
350407
505313
937181
426930
852965
884949
817177
555321
874561
365119
349525
568250
919322
698951
255968
119087
841626
395313
753162
782038
652713
344054
530444
334164
899884
189232
541717
906102
362846
603758
283442
964434
964169
449319
837336
937356
215264
129356
755025
606324
294140
334262
810562
101005
546097
291903
427029
707945
764813
315308
485831
824880
660332
856456
102671
953087
755259
620748
136362
758252
366855
207610
51583
662888
560193
219976
434484
516158
775121
896634
108493
566456
797843
785865
324667
418720
673522
575295
123465
414052
782624
458660
944030
774227
816943
490770
126064
728004
717391
292517
88902
966229
407140
156239
62503
264593
45699
57288
234148
902251
229962
622434
21439
377767
377497
161402
90423
739544
95921
145930
158513
582340
557735
457116
892293
889763
401540
111065
187874
969478
798332
301568
26654
46997
900041
872626
538845
644593
463780
649577
819549
866040
702432
275977
463261
541606
598755
169551
55848
299800
929473
508454
675202
477165
51510
739352
656109
701445
645440
530529
730264
197035
659351
883232
325541
334671
610890
489767
125334
472556
78136
137521
670291
991752
697639
777011
555674
342554
604356
747851
536963
269189
437432
18133
305071
613507
313699
719197
344589
426333
937079
736110
809032
73750
891444
94857
315921
104232
880827
433329
793540
599718
495953
340259
802745
196928
183731
594404
973354
831013
267409
649202
835324
420355
57832
218716
996268
282281
435903
691310
151255
960782
602813
427332
764389
937707
636901
355007
168979
993475
410672
721238
221533
772483
694662
756100
39364
18307
701144
399007
29441
404396
491228
623945
825286
418549
866086
473791
572973
142406
476064
110735
252800
928189
423782
767718
382116
352014
940928
154823
100514
759364
219773
525784
906579
505703
86824
72727
66984
85814
595178
578026
155027
245076
822716
324883
794966
767551
141958
411458
644070
6971
742937
547204
785979
400205
892294
450394
934071
898851
993369
43108
320688
783569
841781
903612
850844
282614
587021
517408
771224
297533
309948
189191
579861
356927
565122
160724
904095
22854
273308
858728
694091
761581
953471
637778
4221
673507
622512
41697
676372
279502
616835
365339
915634
879691
466478
271878
398379
12564
618761
298467
130953
280891
289316
711034
505146
262419
622597
970577
895575
981229
25852
360310
941649
411392
684773
648828
963322
236386
500666
606274
357741
756531
546834
243694
762460
947801
965690
84985
645108
749989
188782
788644
3311
169300
939189
880137
928501
527218
687510
646860
194992
301082
371706
834288
961899
260312
764384
36358
739685
725487
538614
159232
538360
483702
89115
376419
23265
348892
381615
257499
679979
638477
319635
897832
83261
821613
164098
226359
379260
912642
316171
30219
172638
550126
331114
812186
76493
767961
536898
681076
471987
39661
950586
236254
500648
530875
503601
365629
156214
126651
168415
722222
621125
181488
713161
24178
8424
200426
30560
145991
953090
708453
412727
752850
982806
585743
856608
717815
507563
473383
905378
507339
288216
123841
965976
454305
3249
411110
151081
93377
989262
14552
994335
381623
614004
221810
543334
874439
834659
546030
4708
352766
675196
307969
281327
451939
49228
493473
697647
861325
201081
629222
314514
358606
859911
811918
185445
673933
528840
753691
628118
109810
729182
741207
297091
998202
755374
247672
643518
797290
42467
611102
669536
768671
613788
479864
439302
833412
905780
825479
889453
792158
61419
902651
90342
773122
201525
176121
451061
635814
407839
930302
533900
906068
164058
22941
883423
92666
233958
858532
339428
371423
44956
952669
278057
661808
969304
300528
482257
556728
839937
848102
575148
596143
306230
852168
139954
885289
417110
713382
579868
68079
985004
408883
545440
330091
284726
599885
249223
395516
76816
139291
29356
251882
63106
572240
524435
420275
750370
848524
742883
133508
669479
89377
550209
904323
101708
823986
975051
972553
561309
391032
611502
947757
694626
609694
902693
403516
34277
828492
460175
12100
14304
677826
508203
558607
600712
580506
798194
540397
523632
108656
550736
581803
191132
510109
689281
264160
30755
689694
160901
349989
742015
496787
500991
782052
433333
325540
587568
634313
927451
154046
302026
886358
16139
327419
620532
39571
835683
439136
689113
120162
266677
925567
285741
447025
729746
327741
997182
967752
227054
134318
638194
557570
108400
478876
743843
716696
717593
193255
429204
926745
477966
368518
991374
879926
396995
423211
461211
939641
898438
514565
262622
214166
680358
395871
418189
774746
457534
529190
574989
595264
309345
589448
274088
960546
113315
394231
93485
507533
844482
343820
321381
823533
848560
781129
541613
698983
109566
547319
3189
964166
844646
306990
396564
628364
185973
760755
407877
450154
748435
585531
693954
917260
79729
782158
31419
446283
308237
92103
982067
639302
418917
554680
464312
959819
341686
428970
205757
920110
705263
617153
920021
530044
384247
475006
110478
59978
479960
606303
687848
260454
367942
241185
333553
224815
924048
478053
170878
214081
732706
809521
648071
405768
982260
482573
234912
783926
661971
814797
352400
249423
737098
849455
24848
111521
723053
470042
87074
258962
577217
727815
343754
618257
534539
570363
311021
887727
41716
807410
718533
563334
352661
567576
614463
555287
811173
431280
950642
973554
953916
848408
26107
76942
59139
818595
649401
873465
258747
162662
284322
887465
444646
203727
459584
328048
78229
173422
358668
340494
377615
818136
351845
840096
805851
463200
95661
897719
563115
847046
908993
733252
127717
602604
620818
682478
502734
390595
574053
817606
389461
784325
445411
531666
319546
198939
708061
464582
758105
26014
759969
394513
834391
513722
583729
316562
901800
859887
983974
91243
863162
185393
222433
591086
960321
789104
335785
638645
932960
947634
865190
896142
725809
606299
477305
411602
422001
879630
992950
6935
193355
533550
966143
814523
735871
699774
946878
745313
625071
859430
601342
194296
900998
538327
510759
789175
582725
696197
548308
996197
198188
677587
296339
991124
702913
319565
629048
145262
868479
639246
885086
970023
116830
173058
320571
352082
21819
315526
828959
879184
311333
123564
645001
626338
838404
181978
774438
75296
62629
199186
99815
666499
878117
448396
160253
828508
341178
184575
538676
792423
528473
468671
724777
193658
45831
405760
698282
559640
759232
90296
438888
698595
843069
656483
865755
213869
808678
851936
739827
539311
471444
297976
466038
455506
55745
100287
148411
888811
857999
431060
79873
952772
180466
506755
289004
727189
373562
242441
318686
930834
319552
586807
358574
440990
632557
322799
874760
194333
824674
422667
803617
367015
112071
211102
840532
425688
338739
290130
203230
703364
199285
264176
979123
12936
382013
382207
772155
937083
394154
366979
309868
919492
905137
667558
774789
17605
330151
359093
879140
403381
500779
380033
30916
802316
100210
62310
553239
844055
322992
433512
855932
147179
781664
284217
10589
676726
286320
605015
880616
628337
199308
657938
642344
317553
807046
315371
649343
199645
646879
71832
186370
223802
396085
599781
170801
797922
139144
476404
984145
523540
985450
904613
955368
535652
892867
479952
667157
997139
689278
363695
142793
307065
508500
39385
814374
380895
332211
393321
798322
60969
706122
528893
546296
397680
204212
984538
241851
456110
746174
898477
295640
652371
839255
660845
176823
815988
851859
86492
474605
626147
957596
273963
783922
136793
436213
893309
161466
895824
625452
693444
295154
353710
58652
568264
549336
600219
400796
955846
716919
772467
123464
273333
78206
82199
18153
896355
594748
111518
925252
565822
978171
246121
736444
598639
463478
454165
127332
350305
179063
575241
95461
506592
168274
74990
841225
636828
247863
647870
835746
673868
663416
6198
833369
964655
429272
620581
835798
185709
166284
680871
938057
386461
626961
120939
989140
418976
28329
880239
780501
880234
404019
715598
801043
997409
618854
901167
304196
44445
611754
246111
783160
661200
515539
386105
314406
550719
396346
200450
78097
721838
409530
844497
58967
507546
428868
312363
816342
244512
514016
187437
735867
441019
211137
797986
343208
936938
984066
460341
293377
531760
559939
240704
386964
285173
867419
57602
685347
729034
271544
668399
286799
429706
698266
940514
410786
80284
986984
532462
672696
58004
357998
82194
754571
58233
750260
382730
233882
436577
89596
341570
486454
122489
277079
441318
178665
415329
865508
267284
291843
842804
413926
319155
325186
239653
45761
953565
371741
468293
404625
144952
362989
315233
664807
841378
878969
668487
347489
817290
352220
941545
962149
426012
518229
583771
655290
850516
827307
619255
40131
239476
508475
254688
341464
146961
451359
752803
374210
885575
505725
387193
957395
417036
304937
510697
813984
864418
615416
40778
432477
852134
328482
291110
512979
183686
925843
393019
86400
79568
543310
984539
350731
421157
446846
538611
220002
392204
157275
66152
175154
381282
863285
814045
601154
756655
669601
436561
603565
530133
599677
608806
962554
520866
466465
358460
868825
965124
466467
378236
797500
751388
263559
413681
88528
353451
370050
937104
399831
92393
449961
342552
884452
834036
944251
695892
861490
781990
370183
687358
703648
518335
101243
570558
405645
510081
142539
986256
804684
487579
353082
512003
53380
312317
908616
159581
574631
395146
882360
54940
153037
91884
963901
834711
452012
877185
834881
748291
42742
376370
314001
923346
129167
854373
10280
62390
285418
80904
325014
952772
340351
250702
150156
150003
934955
543607
2951
186819
133795
72775
407063
563578
909398
637720
64651
392457
691487
937483
137467
216462
753124
542746
888370
150707
539086
32905
114421
698483
121701
225531
373876
70205
922439
597729
718220
103089
886468
481741
752823
969735
929049
831781
53969
847567
438344
205298
652807
940371
406480
108696
139870
530200
233038
858016
520350
891203
103856
315569
989017
603033
514897
793694
575323
928031
672054
353305
916463
637536
485860
973060
585292
952781
973852
381544
127899
341630
267829
557311
573670
667607
584148
989099
581278
601286
613962
465290
274185
983144
650249
75169
628166
127947
658372
239669
603838
899342
832419
394232
157993
112613
918496
571809
628538
447673
135937
408788
510505
809708
696434
32513
145498
442810
659646
453641
854127
465595
398762
25754
457191
42885
890798
346459
42033
873966
994833
19075
392017
563310
831200
444036
304878
840675
641354
268709
587893
839983
285979
950254
781166
216572
526035
486012
358873
522976
619042
422708
220484
920539
421635
430484
910508
688445
414258
358053
242125
684709
718923
926349
673225
456036
313857
800449
964913
904703
201527
399447
144946
69011
758078
101049
211230
90451
289580
73846
645590
36461
140373
951090
366482
285196
931369
471870
791949
972726
211626
434434
225551
493205
5576
278231
382936
851986
20634
704945
62758
132957
441403
867321
268708
547913
765759
865913
464623
59989
362961
107313
867717
178182
900202
378951
651084
926831
219632
536602
912893
898963
643049
231927
765483
239457
535514
874404
667508
775709
52800
226970
394563
292704
694634
742033
919038
742646
933553
378867
557331
235045
990230
202546
843482
793421
9526
770293
660199
459179
405292
513005
214448
309303
260419
377479
684245
476974
779222
385914
366096
44138
433479
273855
260730
212140
819736
911009
243894
740220
718697
265770
235839
310887
94798
179709
544266
993959
327756
478850
258903
288865
796465
236283
764954
339272
38157
925046
481664
115743
610768
971675
452832
990107
672193
984613
343807
88678
969753
335789
783296
57536
660986
793506
483622
163392
651151
577557
991943
326329
4161
936049
694288
768184
696018
246216
282287
179945
237658
247496
962401
435929
220
388172
566616
445397
9541
478351
533704
470706
421568
713787
905486
726950
875576
292896
479293
422356
358891
499392
82055
972389
152103
599110
98309
663313
13733
115479
890083
889662
352895
844225
636779
172607
846606
261841
984812
561597
730980
339393
932614
262195
304803
777805
995093
916755
373944
302822
133752
666630
681080
41664
852605
338513
332501
55814
8555
359699
289212
377838
686187
127914
853199
322662
186003
773110
78778
370989
135504
184821
578996
940671
454448
786318
357652
66344
742666
83113
693197
988090
209802
179131
864776
635738
31517
807903
849948
420212
838069
186656
874285
255887
126777
840659
523550
524410
249933
437985
576692
188518
553657
937443
397896
150990
924088
166246
65960
233552
702560
173262
320844
213088
340905
127446
842224
841490
513371
946933
145491
786900
297688
642652
173322
406910
320835
351452
52993
308930
664780
621989
360591
205246
23002
853673
746165
651632
32787
536032
345588
411721
50315
589092
976968
19994
763206
951484
401668
635819
794667
162037
34763
943531
898248
223468
944936
886529
976764
567529
187851
285633
507013
482214
469793
259322
900199
722157
192398
833068
531765
601375
575306
48023
412159
456720
11989
730094
946712
693072
16792
702058
76738
6853
624538
789052
241784
20212
341467
744922
324760
879134
198481
981499
299756
720839
240188
515421
337300
466066
775016
268291
347345
128584
689343
891901
57520
172791
923464
286111
841617
303671
749568
567123
39763
874504
41939
813963
39773
116439
231863
808142
273100
206495
976230
793588
280116
793260
722294
515437
653781
942779
465686
119099
97820
201662
202215
809536
163666
969339
308596
544689
89189
770132
328080
354026
702673
758369
809355
482524
338603
591609
458576
124705
925706
968976
698654
311664
959826
707066
14369
780844
959710
872270
345581
864279
302922
407590
162390
330724
828890
42818
484846
933801
880522
407884
461276
898483
437810
77878
64725
62516
923030
323647
377850
950103
300936
456597
837518
72884
714106
957461
219730
519263
673764
995758
334399
280859
158542
789731
38240
120940
255931
734383
578953
289226
263474
521218
583415
382769
104169
376554
427526
775190
574033
561357
686857
560116
640569
640082
767753
686595
663839
700704
802781
13514
579802
395774
83171
681868
938653
794842
696344
473246
651240
339749
185946
637720
450321
910875
548023
333674
302699
666848
612017
138054
341136
714182
730448
536635
658384
514092
72036
776738
585974
645760
85590
951345
843699
784868
936170
668780
413418
439150
697620
921596
745431
486666
143731
348568
802525
552507
653422
882975
815594
261694
915114
464328
865353
264655
447589
398641
960708
297221
413618
843411
633587
856920
692241
535767
634149
602883
572970
460610
25322
951684
104038
743179
160380
560193
714155
977101
267144
187844
36018
483223
585884
89319
738950
489825
4014
578059
862811
738394
53702
197890
850056
458396
567817
634381
35618
921601
605604
697343
137847
704975
467025
636672
733988
98510
299401
728301
43155
443899
294150
119453
140437
180373
430067
462079
20760
803668
571635
318431
635589
55609
810059
971591
486264
896193
766765
658626
817373
47091
566946
648892
663780
963929
566291
762245
444576
707723
535027
498932
412929
389606
885261
369128
328492
341724
774693
557482
279220
824677
62542
180014
318264
776724
71496
76728
84825
582660
360723
114652
119381
340785
946900
163486
983813
132707
88995
635511
248111
452036
534319
942777
322249
800019
221774
105290
597707
744497
642341
189708
568111
647001
711537
806813
573768
390381
874159
203578
728188
913771
464494
243518
828512
78206
994223
724104
773487
114993
718390
187579
4581
609534
849072
382112
293374
806789
580544
368614
53126
799576
112488
227913
948317
366003
183504
929487
454729
735305
129974
336431
143800
539129
732275
808333
365456
391775
741926
825568
727797
783943
697727
294005
981015
81533
127210
261708
88884
470976
155989
33952
390577
37781
646240
952197
350801
724343
117408
304809
453071
51564
414544
90748
277342
819378
846102
471212
165115
767000
255341
305353
385579
748778
452915
507080
954134
606085
523665
34851
655104
931528
555778
684957
165920
345771
755138
507300
186847
918185
266517
290703
382062
438937
407218
197958
979844
944603
908618
601024
330227
740973
29752
355623
473958
54301
878534
170713
728953
125593
830553
551560
410037
700130
169851
208641
592103
784607
566531
326666
636699
592782
976675
256547
94266
274901
790542
363375
393853
612151
769412
475757
781837
603490
319035
729374
547385
489765
251051
881739
69843
494398
872246
788959
323304
451793
245811
171823
56793
288757
798422
39771
103706
416425
260797
629068
548295
7012
252825
526493
584286
365450
255671
432022
419485
235066
32106
398867
466873
412420
125527
203011
178360
889528
390813
756812
242475
118426
255903
499276
749580
13169
49135
382523
190256
589054
244120
740780
129704
839498
564552
141554
672122
557657
820056
474591
261879
12986
560378
669800
271929
213120
539390
919140
99899
208587
359873
908723
142229
739775
231986
548219
944338
299159
594562
787150
544880
183954
205672
895784
484211
892363
241550
442260
892646
878182
543835
153197
695407
337894
205726
551554
507150
714844
552532
478611
29938
876475
305174
244856
554488
682758
516002
288289
940224
99050
369411
197176
747502
587624
408736
623651
474234
640234
249311
432421
574773
667575
171700
95588
186777
744770
441354
99525
196235
278685
643532
945843
712623
868171
439120
789503
372328
291122
256416
459617
141483
823407
554151
209053
229374
707332
174709
732417
98707
889133
777711
736843
12219
566352
887382
193383
489033
569042
518450
144341
434180
842758
958554
139625
124487
74944
449187
923692
416633
714184
771107
385440
246821
130666
862304
955233
100341
211434
131482
33319
248784
277
122290
949224
837517
632051
702710
444186
991570
262489
545994
411414
175950
635867
932724
314200
766863
919326
936771
510883
409216
584139
9053
730114
708419
819231
302628
699433
625255
700895
705221
897337
197894
266281
537821
774882
255166
790246
587463
60963
916362
747932
727046
478317
414396
824096
247820
26725
308825
764456
640741
328648
512465
192575
74691
362602
653337
531153
772454
820503
895143
782758
335719
319962
58505
854508
296546
415772
777635
73900
147262
106851
174531
391007
937371
638844
783586
864858
64342
965620
838842
506788
246011
391552
504382
809896
720264
681724
590907
525574
609562
894032
860105
107523
902455
79407
489581
929
235063
70457
271439
941962
525903
397249
232658
108838
944187
252072
35029
244812
753416
161512
303430
126676
493179
514605
905694
824075
515297
144989
713340
812800
393460
711609
7906
824827
488679
239515
174534
352909
793295
192735
538774
190083
502894
58142
377804
448628
549020
350934
194025
23354
354004
930149
783440
873277
905880
284276
225986
22314
304194
644721
400562
423555
319657
397812
822533
453969
643628
680707
876904
817204
836446
930609
758285
522331
684622
220897
155779
384910
174449
670376
883248
596456
431854
296016
826542
243811
721094
335481
260032
724748
988127
87771
220144
940757
692523
948518
470214
270857
564537
171850
4902
334874
772824
774866
977735
747734
374371
405995
273548
119416
218350
614915
777409
396891
245516
180621
100979
858761
84346
839905
372331
577394
176811
436991
294985
682808
605616
383284
749050
528039
423940
306645
753686
30594
552753
904360
818648
572408
699491
592291
962299
83254
557703
96716
479853
880214
379488
71487
687282
451573
284326
594638
446296
746210
837530
858178
617043
214834
224235
286336
233396
158448
485950
562695
501770
190769
897950
191830
781909
532870
704832
458859
451811
843596
852593
182245
308234
185501
4574
874059
142209
754281
383232
60517
239899
574175
141090
263368
147040
446020
608272
27056
198217
992103
818782
225093
490840
844971
379282
37248
961554
524931
285103
730599
454554
343485
679647
289332
469420
310773
801595
793364
200626
595754
853818
131595
471366
352045
239605
188532
925637
54901
398931
787302
770892
194896
345302
367283
955922
529012
372160
730890
614242
55540
730659
794556
597555
980750
753092
578331
430885
930465
381483
463999
249626
379515
546762
821602
245935
486737
528648
871403
3286
533448
882216
849992
830290
900208
587931
761844
473549
553232
762206
643928
202329
443036
432337
903630
445761
20035
622422
959104
393932
145829
368738
429999
505998
159714
279203
197904
794410
717965
135566
630992
381543
42752
818180
629112
100590
578953
169824
299500
662173
263106
979488
112270
874380
773055
617965
618304
538586
909344
424968
193990
414322
942789
563027
651017
286048
227489
106426
199735
487369
346984
212284
676168
609548
403874
359514
477340
574132
988001
395930
919808
878551
994383
848440
369936
321166
482721
574954
803062
919824
249832
500622
198352
624749
33670
764147
547696
724069
746429
829185
252989
95779
866403
970630
986998
620889
416626
154141
235095
612665
889724
270205
984660
422988
635003
380827
953666
167219
504262
126589
958933
713465
931744
741341
18884
490257
20843
577014
785929
935984
865722
733230
220228
556169
732932
554847
723263
127522
182708
537155
622604
246800
415324
109052
65355
453139
496010
573694
58952
156112
520563
627098
627073
225575
727372
221031
780549
329008
231672
912719
83959
566231
464156
335539
630898
269649
508494
722044
222086
639610
436651
775935
275297
382797
166599
394700
917770
923007
527615
444692
203782
354936
427307
890292
415901
26671
631920
494818
507510
833313
104306
535027
594847
976045
757350
140742
410281
905487
595205
196305
6384
787703
848412
633542
654905
978629
379712
322913
223924
66980
138592
490641
138144
217920
841651
859008
779150
592869
112336
793153
847293
241525
630300
270229
24356
167814
150301
724378
110671
418390
887789
961553
317025
590955
137547
919882
120248
774539
474572
205102
423533
556245
131887
801705
348666
185595
784781
469746
482871
443869
104047
787192
636221
641026
799034
746090
742443
416245
404101
